DATE, OPEN, HIGH, LOW, CLOSE, VOL, p
20081229,7.4349,7.7263,7.0640,7.7263,5834566,0
20081230,7.8057,7.8587,7.5762,7.8057,6575376,0
20081231,7.7969,8.0706,7.5143,8.0265,7538631,0
20090102,8.0088,8.6534,7.8057,8.5563,6499951,0
20090105,8.4238,8.6093,8.2914,8.3885,11049072,0
20090106,8.4768,8.8300,8.3002,8.6976,8381838,0
20090107,8.4503,8.5298,7.9470,7.9912,13143257,0
20090108,7.9382,7.9912,7.6115,7.8764,13664147,0
20090109,7.9823,8.0618,7.5938,7.7086,9882314,0
20090112,7.6998,7.7439,7.3819,7.4614,9489884,0
20090113,7.6115,7.8411,7.4879,7.6733,17272569,0
20090114,7.4614,7.5673,7.0110,7.1611,21311005,0
20090115,7.1611,7.2230,6.7903,7.0905,25224920,0
20090116,7.2318,7.2318,6.7550,7.0817,63884693,0
20090120,6.9404,6.9757,6.3046,6.3135,26388298,0
20090121,6.4901,6.7903,6.3135,6.7903,19544000,0
20090122,6.0309,6.6049,5.9691,6.3488,28269011,0
20090123,6.2428,6.3488,6.0221,6.1369,18541437,0
20090126,5.9603,6.4018,5.9073,6.1104,22799229,0
20090127,6.1634,6.2163,5.8543,5.9426,17419023,0
20090128,6.2517,6.7196,6.2075,6.6578,17679245,0
20090129,6.4989,6.4989,5.9691,6.0044,20339438,0
20090130,5.9868,6.0486,5.5717,5.6424,24241105,0
20090202,5.4393,5.9603,5.3775,5.8808,26484358,0
20090203,5.7395,6.0309,5.7395,5.9956,21080573,0
20090204,5.9161,6.1369,5.7572,5.8366,25407926,0
20090205,5.6954,6.1457,5.6777,6.1280,30090485,0
20090206,5.9603,6.3576,5.9514,6.1634,30041860,0
20090209,6.1545,6.2517,5.8022,5.9868,21248450,0
20090210,5.8543,6.0044,5.5453,5.6159,29076710,0
20090211,5.6689,5.8808,5.5276,5.7130,21226015,0
20090212,5.4305,5.7748,5.4305,5.7748,19645811,0
20090213,5.7748,5.8455,5.6159,5.7395,15917258,0
20090217,5.3775,5.5806,5.2892,5.4040,21515341,0
20090218,5.3245,5.5188,5.2892,5.4040,20155652,0
20090219,5.5099,5.5541,5.2715,5.3157,25951923,0
20090220,5.2274,5.4305,5.1832,5.3333,33367956,0
20090223,5.3863,5.5188,5.0684,5.1038,26832270,0
20090224,5.1567,5.4658,5.0243,5.4040,36052027,0
20090225,5.3598,5.5099,5.1391,5.3510,20220570,0
20090226,5.3333,5.5717,5.0331,5.0949,25640715,0
20090227,4.9801,5.0773,4.8830,4.9095,25991801,0
20090302,4.8124,4.8918,4.6534,4.6623,23571215,0
20090303,4.7682,4.9007,4.5828,4.7152,24889069,0
20090304,4.7682,5.0773,4.6711,4.9978,21041085,0
20090305,4.7594,4.9801,4.6976,4.7241,30024498,0
20090306,4.7859,4.8565,4.5386,4.6887,23499011,0
20090309,4.6358,4.6534,4.3709,4.4062,23026858,0
20090310,4.5121,4.8830,4.3709,4.8653,34126385,0
20090311,4.9448,5.0861,4.7329,5.0419,27887356,0
20090312,4.9448,5.2009,4.8389,5.1656,20721325,0
20090313,5.2980,5.4746,5.1038,5.2980,14353701,0
20090316,5.5188,5.5806,5.2892,5.3068,16399857,0
20090317,5.3245,5.6159,5.3245,5.6159,13002110,0
20090318,5.5806,5.8631,5.4481,5.7660,15511282,0
20090319,5.8190,5.9161,5.4128,5.4923,24303651,0
20090320,5.6865,5.6954,5.3157,5.3687,23525075,0
20090323,5.5806,5.9603,5.5541,5.9603,20727142,0
20090324,5.8896,6.0397,5.7837,5.8896,18288615,0
20090325,5.9691,6.2252,5.7572,5.9868,18078288,0
20090326,6.1810,6.2781,6.0221,6.2075,21592582,0
20090327,6.0574,6.2075,6.0574,6.1280,19458715,0
20090330,5.9868,6.1192,5.6512,5.7219,22764073,0
20090331,5.8543,5.9868,5.7219,5.8455,23779517,0
20090401,5.7572,6.1898,5.6777,6.1457,21530220,0
20090402,6.4194,6.7373,6.3223,6.6490,20634407,0
20090403,6.8079,6.9404,6.6137,6.8874,16280569,0
20090406,6.8344,6.9316,6.5872,6.6755,12841356,0
20090407,6.5960,6.6402,6.2870,6.3753,17774677,0
20090408,6.3753,6.5166,6.2517,6.4106,14020039,0
20090409,6.5695,6.9669,6.4901,6.9051,20262153,0
20090413,6.7815,6.9051,6.6843,6.8256,9473512,0
20090414,6.7815,6.7991,6.4724,6.5342,18436091,0
20090415,6.5077,6.6490,6.3664,6.6490,14218270,0
20090416,6.7815,7.1082,6.7638,7.0287,15138476,0
20090417,7.1347,7.4084,6.9227,7.3466,17041800,0
20090420,6.9227,7.0022,6.6578,6.7020,17627182,0
20090421,6.8168,6.9226,6.3400,6.8521,11758948,0
20090422,6.6049,7.0375,6.5519,6.8698,10712596,0
20090423,6.6313,6.8521,6.5519,6.7726,12377554,0
20090424,6.8079,7.1082,6.6932,7.0110,13536672,0
20090427,6.6932,6.8698,6.5695,6.6932,12883598,0
20090428,6.5960,6.7638,6.5695,6.6490,12959610,0
20090429,6.7285,7.3466,6.7285,7.1965,18096068,0
20090430,7.2936,7.6380,7.2141,7.2936,21126755,0
20090501,7.3201,7.4525,7.1965,7.3996,10116164,0
20090504,7.6291,8.0000,7.5673,8.0000,13154790,0
20090505,8.2031,8.2737,7.7881,7.9735,13710548,0
20090506,7.8411,8.4150,7.8411,8.3444,19994057,0
20090507,8.7947,9.2009,8.2296,8.3444,28154724,0
20090508,8.4680,8.6623,8.3002,8.5298,20941942,0
20090511,8.4327,8.4857,8.0883,8.1236,18548819,0
20090512,8.1943,8.3355,7.5938,7.9117,19482752,0
20090513,7.7351,7.7792,7.3113,7.3642,19863633,0
20090514,7.6026,7.9294,7.5232,7.7969,16599229,0
20090515,7.7704,7.9382,7.5673,7.5938,13368463,0
20090518,7.6909,8.1060,7.6203,8.1060,10905212,0
20090519,8.1236,8.2737,8.0000,8.1236,13849607,0
20090520,8.2384,8.3002,7.9382,8.0000,12307361,0
20090521,7.8322,7.9029,7.3907,7.5850,21567374,0
20090522,7.6556,7.9205,7.5497,7.7969,11066031,0
20090526,7.6291,8.2790,7.6115,8.2472,16796222,0
20090527,8.2737,8.3532,8.1060,8.1766,16641384,0
20090528,8.3355,8.4768,8.1059,8.4062,15017277,0
20090529,8.6711,8.7152,8.3885,8.6358,19057663,0
20090601,8.8300,9.2009,8.8124,9.1832,19006947,0
20090602,9.1038,9.4525,9.0861,9.3687,16871881,0
20090603,9.1567,9.2980,8.9095,9.1302,17995959,0
20090604,9.0949,9.2362,8.9890,9.0596,13013901,0
20090605,9.1567,9.2274,8.8830,9.0419,12218029,0
20090608,8.9007,9.3775,8.8124,9.2009,13271248,0
20090609,9.2009,9.2804,9.0155,9.2362,10545152,0
20090610,9.3775,9.4393,9.0773,9.2804,13569073,0
20090611,9.2715,9.4570,9.2009,9.2715,17516398,0
20090612,9.1479,9.2539,8.9095,9.1921,10700422,0
20090615,8.9007,9.0066,8.5121,8.6623,13282843,0
20090616,8.7682,8.8124,8.2472,8.3091,19065026,0
20090617,8.3002,8.4459,8.1148,8.3002,18536745,0
20090618,8.3355,8.4857,8.2207,8.2826,11368044,0
20090619,8.4238,8.5210,8.3002,8.4238,18495020,0
20090622,8.3267,8.3885,7.9294,7.9912,15179099,0
20090623,7.9382,8.2119,7.9294,8.0088,18159189,0
20090624,8.1766,8.2207,7.8764,7.9382,29401980,0
20090625,7.9735,8.1943,7.9294,8.0795,21434355,0
20090626,8.0000,8.0795,7.8411,8.0353,17451099,0
20090629,8.0530,8.2649,7.9735,8.1854,11749353,0
20090630,8.3002,8.3355,7.9470,8.0441,14493302,0
20090701,8.1589,8.4238,8.0706,8.1854,15639378,0
20090702,8.0706,8.1148,7.5762,7.5938,19099916,0
20090706,7.5762,7.6998,7.4084,7.5408,17514543,0
20090707,7.5232,7.5673,7.1788,7.2141,20218589,0
20090708,7.3466,7.3819,7.0728,7.1965,25059071,0
20090709,7.4172,7.4614,7.1700,7.2671,14587297,0
20090710,7.2230,7.3819,7.0640,7.2141,15384684,0
20090713,7.1788,7.3466,7.0110,7.3466,15095211,0
20090714,7.4349,7.5762,7.3377,7.5408,10914186,0
20090715,7.7528,7.8322,7.6556,7.8234,22011162,0
20090716,7.9205,8.2031,7.9029,8.1678,12027063,0
20090717,8.2296,8.2561,8.0706,8.1589,11224157,0
20090720,8.3091,8.5475,8.2737,8.5386,10711385,0
20090721,8.6358,8.6534,8.3355,8.5121,13638577,0
20090722,8.5563,8.6623,8.4150,8.5386,11978413,0
20090723,8.5210,8.8742,8.4945,8.7152,21026060,0
20090724,8.7594,8.8830,8.5651,8.7329,15456912,0
20090727,8.7506,9.0331,8.7064,9.0066,15172034,0
20090728,9.0508,9.2450,8.8653,9.1126,16867765,0
20090729,8.8742,9.0066,8.6181,8.7682,13212637,0
20090730,9.0419,9.2892,8.9183,9.2009,15539863,0
20090731,9.2892,9.3245,9.0861,9.1214,17231845,0
20090803,9.2980,9.5011,9.1656,9.4570,19122270,0
20090804,9.3687,9.4393,9.2097,9.3510,11497674,0
20090805,9.3245,9.4128,8.9801,9.3422,17776102,0
20090806,9.7130,9.8631,9.2980,9.4128,18681297,0
20090807,9.6512,10.1502,9.6424,10.0927,20417948,0
20090810,9.9161,10.1457,9.8720,10.1015,14118461,0
20090811,9.8985,9.9779,9.5541,9.6954,13579989,0
20090812,9.5453,10.0221,9.4879,9.9426,16092693,0
20090813,9.9338,10.0309,9.6777,9.9073,13297036,0
20090814,9.9073,10.0221,9.4834,9.6600,11588200,0
20090817,9.3951,9.5717,9.1832,9.1921,13611593,0
20090818,9.3157,9.4481,9.2804,9.3775,14513086,0
20090819,9.1656,9.6512,9.1391,9.5276,11309231,0
20090820,9.5982,9.6689,9.4834,9.6336,12168188,0
20090821,9.6159,9.9095,9.2980,9.8631,15490898,0
20090824,9.8543,10.0044,9.6954,9.7837,9423193,0
20090825,9.9426,10.0574,9.6424,9.6777,14197851,0
20090826,9.6865,9.8543,9.5717,9.7748,13301638,0
20090827,9.7395,9.8455,9.4570,9.7395,11763585,0
20090828,9.9426,10.0839,9.5629,9.6954,14369807,0
20090831,9.6071,9.7130,9.3510,9.4658,13136492,0
20090901,9.3598,9.6865,9.1126,9.2009,19503693,0
20090902,9.1921,9.3157,9.0464,9.2185,11825821,0
20090903,9.3157,9.5541,9.2450,9.3510,13739228,0
20090904,9.3775,9.7660,9.1832,9.7395,13189303,0
20090908,9.9161,9.9779,9.7307,9.8720,10474389,0
20090909,9.8013,9.9956,9.6556,9.9691,11904946,0
20090910,9.9073,10.3488,9.8102,10.3135,16547240,0
20090911,10.1634,10.4724,10.1457,10.3753,20502331,0
20090914,10.2870,10.4724,10.1987,10.4459,11138596,0
20090915,10.4106,10.8079,10.3929,10.6843,23657639,0
20090916,10.6755,10.9581,10.5695,10.8698,15692472,0
20090917,10.8521,11.1082,10.6137,10.7196,20530435,0
20090918,10.8168,10.9139,10.5695,10.8168,26489546,0
20090921,10.7373,10.8079,10.6225,10.7196,17374891,0
20090922,10.8344,10.9227,10.7196,10.8521,12941041,0
20090923,10.8168,10.8874,10.4989,10.5342,13893569,0
20090924,10.5784,10.6578,10.2208,10.3223,18742306,0
20090925,10.4371,10.5077,10.1634,10.1722,17213704,0
20090928,10.2428,10.6137,10.1634,10.5695,8054459,0
20090929,10.6049,10.6667,10.4238,10.5077,11244322,0
20090930,10.6490,10.8168,10.3466,10.5872,19484890,0
20091001,10.4371,10.5166,9.8720,10.0221,21661369,0
20091002,10.0221,10.1369,9.9249,9.9514,10411717,0
20091005,9.9868,10.2693,9.8940,10.1898,9287356,0
20091006,10.2340,10.4194,10.1545,10.2693,15160233,0
20091007,10.3311,10.4724,10.2163,10.3841,14136760,0
20091008,10.5430,10.8698,10.3929,10.6578,15167382,0
20091009,10.6313,10.8698,10.5695,10.7638,13923111,0
20091012,10.7815,10.9316,10.5342,10.6402,9960407,0
20091013,10.6667,10.8786,10.6667,10.8433,11743519,0
20091014,11.0022,11.1347,10.8344,11.1258,12579388,0
20091015,11.0993,11.2759,10.9934,11.2759,27900998,0
20091016,11.1965,11.4349,10.7770,11.0464,16451761,0
20091019,11.0375,11.5055,10.9757,11.3289,16497566,0
20091020,11.2141,11.3289,11.0993,11.2318,11929898,0
20091021,11.2671,11.5585,11.0640,11.0993,14724931,0
20091022,11.1258,11.3186,10.8962,11.2318,12059727,0
20091023,10.9934,11.1347,10.7196,10.8256,14698315,0
20091026,10.9051,11.3422,10.7285,10.7815,20613934,0
20091027,10.8609,11.0199,10.4989,10.5872,18939455,0
20091028,10.5872,10.6313,10.1634,10.1810,16211645,0
20091029,10.1987,10.6755,10.1810,10.6049,15614249,0
20091030,10.5430,10.7020,10.0574,10.1722,17696627,0
20091102,10.1722,10.3311,9.9029,10.1810,20876112,0
20091103,10.1545,10.2428,9.9338,10.1015,20004798,0
20091104,10.0751,10.4724,10.0397,10.2163,16734062,0
20091105,10.6932,10.7196,10.3929,10.5519,16893817,0
20091106,10.5166,10.6667,10.3223,10.6490,11226052,0
20091109,10.7550,10.9227,10.7108,10.9227,12963745,0
20091110,10.9404,11.0817,10.8874,11.0199,10187476,0
20091111,11.1876,11.2494,10.9581,11.0640,9732477,0
20091112,11.1170,11.1170,10.8168,10.8874,9483663,0
20091113,10.9669,11.1876,10.9051,11.1347,11185100,0
20091116,11.1788,11.4172,11.1435,11.3201,14684810,0
20091117,11.1700,11.2230,11.0817,11.2141,10261770,0
20091118,11.1347,11.1479,10.9051,11.0817,12044685,0
20091119,10.9934,11.1258,10.7461,10.9845,10565574,0
20091120,10.7461,10.8714,10.4989,10.5784,12250598,0
20091123,10.6755,10.9316,10.5430,10.6049,15803385,0
20091124,10.6049,10.6313,10.4547,10.5254,12539145,0
20091125,10.5077,10.6402,10.4636,10.6049,10025728,0
20091127,10.0839,10.3311,9.8808,10.1898,12300465,0
20091130,10.1898,10.1987,9.8102,10.1192,16970449,0
20091201,10.3311,10.4857,10.2428,10.4194,13655222,0
20091202,10.4106,10.5166,10.3135,10.4283,8996996,0
20091203,10.4371,10.5960,10.3135,10.3311,14807617,0
20091204,10.4724,10.7461,10.3841,10.6225,21608046,0
20091207,10.5784,11.0110,10.5695,10.8256,28982150,0
20091208,10.7638,10.9272,10.5740,10.8786,21509738,0
20091209,10.8168,10.9227,10.6843,10.8344,12278070,0
20091210,10.8521,11.1523,10.7815,11.0552,13083535,0
20091211,11.1523,11.3996,11.0817,11.2671,10970728,0
20091214,11.3731,11.4525,11.2848,11.3554,7883377,0
20091215,11.6291,11.6998,11.4834,11.5143,24584513,0
20091216,11.5143,11.8322,11.4790,11.7881,20421275,0
20091217,11.7439,11.7439,11.5762,11.6733,22152061,0
20091218,11.7616,11.8499,11.5717,11.7792,28666921,0
20091221,11.8057,12.3002,11.7616,12.0883,18245887,0
20091222,11.9735,12.1148,11.8940,12.0177,9616319,0
20091223,11.9912,11.9912,11.7351,11.9294,10084826,0
20091224,11.9558,12.0971,11.8852,12.0441,3065735,0
20091228,12.1148,12.1589,11.9823,12.0618,6226932,0
20091229,12.0706,12.3620,12.0088,12.3355,8941162,0
20091230,12.1854,12.3002,12.1148,12.2826,8676614,0
20091231,12.3091,12.3444,12.0706,12.0883,9165313,0
20100104,12.4062,12.5563,12.2649,12.3002,14587112,0
20100105,12.2384,12.3532,12.1501,12.3355,19607661,0
20100106,12.2826,12.7064,12.2737,12.5386,27030749,0
20100107,12.5651,12.6269,12.2472,12.3620,36559717,0
20100108,12.3267,12.5254,12.2384,12.4680,19657271,0
20100111,12.5475,12.6004,12.3157,12.4327,10539413,0
20100112,12.4150,12.5121,11.8146,11.8764,18422966,0
20100113,12.0265,12.0441,11.7086,11.7792,25237211,0
20100114,11.7351,11.9029,11.7351,11.8675,17968237,0
20100115,11.9647,11.9735,11.5055,11.6468,19607056,0
20100119,11.6645,11.9205,11.6645,11.8322,10582158,0
20100120,11.6380,11.7792,11.3996,11.5320,21366661,0
20100121,11.5673,11.8587,11.2583,11.3377,21238915,0
20100122,11.3113,11.4614,10.9316,10.9581,22666430,0
20100125,11.0993,11.2318,10.9139,11.1788,20342130,0
20100126,11.0993,11.4172,11.0993,11.2759,22845170,0
20100127,11.1965,11.3554,10.9316,11.1700,21400772,0
20100128,11.2406,11.2848,10.9404,11.0552,35062754,0
20100129,11.1788,11.4614,11.0993,11.1347,34243716,0
20100201,11.2141,11.2671,10.9404,11.0640,29307378,0
20100202,11.0464,11.3466,10.9757,11.2671,36654384,0
20100203,11.8057,12.1413,11.6645,12.0706,46679105,0
20100204,11.9647,12.0000,11.5497,11.5762,25452751,0
20100205,11.6026,11.7263,11.1258,11.4437,28801974,0
20100208,11.4260,11.4260,11.1082,11.1611,16703866,0
20100209,11.4172,11.5408,11.1832,11.3996,24205138,0
20100210,11.3113,11.3642,11.0199,11.1347,18967198,0
20100211,11.2230,11.4260,10.9845,11.4172,29419123,0
20100212,11.3377,11.6026,11.2671,11.5585,19814584,0
20100216,11.7174,11.8499,11.5320,11.8499,13475232,0
20100217,11.8322,11.9647,11.7528,11.8764,12599628,0
20100218,11.9117,12.0000,11.7616,11.9205,9862183,0
20100219,11.8499,12.0441,11.7174,11.9912,13231816,0
20100222,12.0441,12.0706,11.8764,11.9117,12216277,0
20100223,11.9558,12.0353,11.6071,11.6380,15561161,0
20100224,11.7263,11.9382,11.6468,11.9117,14544063,0
20100225,11.5938,11.8675,11.5011,11.8499,14168479,0
20100226,11.8764,11.9294,11.6998,11.8057,14965954,0
20100301,11.8411,12.2207,11.8411,12.1501,20727874,0
20100302,12.2207,12.3002,12.0441,12.2207,18598688,0
20100303,12.2737,12.3002,12.0530,12.0971,11843981,0
20100304,12.0706,12.2826,11.9558,12.2737,28572054,0
20100305,12.2826,12.7417,12.2737,12.7417,19284461,0
20100308,12.6446,12.7064,12.5740,12.6093,10084342,0
20100309,12.6093,12.6623,12.4945,12.6004,11265466,0
20100310,12.5651,12.6446,12.5033,12.6093,15409837,0
20100311,12.5475,12.6269,12.4415,12.5916,17328846,0
20100312,12.6976,12.8035,12.3267,12.3885,22377009,0
20100315,12.3974,12.5298,12.2031,12.3355,19898426,0
20100316,12.4062,12.4857,12.2693,12.3797,24509215,0
20100317,12.4327,12.5298,12.3179,12.3709,16314789,0
20100318,12.3885,12.5651,12.2826,12.3797,17709445,0
20100319,12.5563,12.5651,12.0883,12.3532,24110827,0
20100322,12.3091,12.3885,12.1236,12.3709,13861251,0
20100323,12.3355,12.4062,12.2472,12.3974,15939525,0
20100324,12.3709,12.6887,12.3355,12.6004,22457168,0
20100325,12.7682,13.0773,12.7064,12.7417,24024664,0
20100326,12.7682,12.9272,12.6093,12.7682,9520045,0
20100329,12.8300,12.8830,12.7064,12.8477,9230323,0
20100330,12.9095,12.9095,12.7064,12.7594,10247368,0
20100331,12.7329,12.9183,12.6534,12.7241,14330802,0
20100401,12.8389,12.9448,12.6711,12.8830,9401090,0
20100405,12.9183,13.2450,12.7991,13.0596,12775122,0
20100406,13.0684,13.1479,12.9272,12.9801,15101994,0
20100407,12.9007,12.9536,12.6446,12.7859,13388745,0
20100408,12.7770,13.0331,12.6887,12.9890,20003652,0
20100409,13.0066,13.5453,12.9625,13.4305,21369055,0
20100412,13.5011,13.5099,13.2450,13.2715,10109872,0
20100413,13.3068,13.7307,13.2009,13.6600,24402742,0
20100414,13.6247,13.9779,13.5894,13.9779,21179192,0
20100415,13.9514,14.0839,13.8013,13.9338,19347317,0
20100416,13.9249,14.1280,13.7422,13.9073,31783283,0
20100419,13.9249,14.0662,13.6689,13.9338,22771199,0
20100420,13.9868,14.1192,13.9338,13.9956,14593186,0
20100421,14.0397,14.1722,13.9691,14.1104,14170036,0
20100422,14.0574,14.2163,13.8013,14.1810,18787242,0
20100423,14.1634,14.2340,13.9426,14.2340,16649280,0
20100426,14.1722,14.5077,14.1457,14.3400,17355675,0
20100427,14.1369,14.2075,13.7572,13.8543,25962788,0
20100428,13.8366,14.0044,13.5320,13.7395,25613185,0
20100429,13.8808,14.0927,13.8278,13.9161,22610449,0
20100430,13.9868,14.2252,13.6159,13.6159,21203504,0
20100503,13.7837,14.2870,13.6247,14.1810,17803027,0
20100504,14.0044,14.0132,13.4570,13.5894,32471673,0
20100505,12.8035,13.1391,12.0618,12.9095,57498461,0
20100506,12.8035,12.9272,11.3907,12.3355,40174069,0
20100507,12.4327,12.5121,11.7528,12.0706,44026223,0
20100510,12.5916,13.6071,12.5828,12.9536,31787080,0
20100511,12.8477,12.9625,12.6623,12.7859,27479322,0
20100512,12.7947,12.8874,12.6711,12.8124,27043395,0
20100513,12.9272,12.9713,12.5828,12.6269,22685594,0
20100514,12.6269,12.6623,12.1678,12.3179,28946215,0
20100517,12.4150,12.4592,11.9735,12.4062,19594117,0
20100518,12.4415,12.5342,12.0883,12.1501,19296463,0
20100519,12.0618,12.1148,11.5938,11.8411,41225953,0
20100520,11.4349,11.5850,11.2053,11.2053,27418984,0
20100521,10.9934,11.5055,10.9845,11.4349,26491044,0
20100524,11.2671,11.6203,11.1347,11.3907,23490828,0
20100525,11.0199,11.3113,10.8962,11.2936,25183476,0
20100526,11.3289,11.6468,11.1347,11.3554,27972976,0
20100527,11.6556,11.9205,11.5673,11.8852,25727390,0
20100528,11.8852,11.9558,11.4967,11.6556,19688246,0
20100601,11.5408,11.7439,11.2759,11.2759,18567290,0
20100602,11.3201,11.7616,11.2980,11.7616,20404497,0
20100603,11.7528,11.8411,11.4349,11.6556,16294845,0
20100604,11.3731,11.4525,11.1170,11.1788,22795300,0
20100607,11.1347,11.3510,10.9316,10.9492,25319662,0
20100608,11.0375,11.1523,10.7881,11.1082,20910134,0
20100609,11.1523,11.5143,11.0905,11.2318,23649341,0
20100610,11.5497,11.7881,11.4879,11.7616,16429747,0
20100611,11.5850,11.8322,11.3996,11.8057,11180212,0
20100614,11.8587,11.9558,11.5585,11.5762,16873767,0
20100615,11.3731,12.7241,11.3642,12.6887,64848565,0
20100616,12.4327,12.5386,12.2119,12.5033,29236523,0
20100617,12.4680,12.5298,12.2914,12.4945,16864719,0
20100618,12.5386,12.5386,12.2561,12.3620,14939143,0
20100621,12.4503,12.4503,12.0971,12.1943,14959350,0
20100622,12.2649,12.3444,11.8587,11.9117,20087198,0
20100623,11.8587,11.9912,11.7174,11.8675,21029890,0
20100624,11.7616,11.8057,11.0684,11.2053,29034391,0
20100625,11.2494,11.2494,10.9934,11.0905,22905518,0
20100628,11.1876,11.2759,11.0905,11.1876,21202317,0
20100629,11.1082,11.1170,10.6313,10.7815,24669094,0
20100630,10.7638,10.8786,10.5430,10.5607,19999009,0
20100701,10.5077,10.6313,10.2517,10.5166,25293660,0
20100702,10.5607,10.5695,10.2870,10.4459,15026680,0
20100706,10.5695,10.9757,10.5254,10.7285,28188506,0
20100707,10.4283,10.9890,10.2958,10.9492,21938523,0
20100708,11.0022,11.1435,10.9404,11.1347,13818555,0
20100709,11.1435,11.3466,11.1170,11.3466,10066464,0
20100712,11.3024,11.5055,11.2141,11.4702,15918267,0
20100713,11.5408,11.7881,11.4570,11.7086,10575562,0
20100714,11.6821,11.7395,11.4879,11.6291,12681179,0
20100715,11.6909,11.7616,11.4525,11.6203,15771598,0
20100716,11.6468,11.7174,11.0110,11.0199,18202701,0
20100719,11.0552,11.3731,11.0464,11.3642,14604556,0
20100720,11.1347,11.6468,11.0773,11.6291,16268555,0
20100721,11.6203,11.7174,11.1082,11.1258,28346026,0
20100722,11.3024,11.6468,11.2583,11.4525,19939301,0
20100723,11.3819,11.7673,11.3819,11.6998,9926189,0
20100726,11.6909,11.8764,11.6115,11.8057,11648029,0
20100727,11.9294,11.9382,11.5497,11.6203,16347442,0
20100728,11.5497,11.5673,11.2936,11.4614,17746893,0
20100729,11.6115,11.8057,11.2848,11.4437,16257570,0
20100730,11.2494,11.6203,11.0199,11.5232,17705474,0
20100802,11.7969,12.0883,11.6821,12.0618,23242498,0
20100803,11.9382,12.0883,11.6380,12.0353,19013463,0
20100804,12.0706,12.2914,12.0706,12.2296,21117054,0
20100805,12.8477,13.1214,12.5475,12.6711,35729663,0
20100806,12.4150,12.6446,12.1943,12.4503,17496459,0
20100809,12.5298,12.5651,12.3797,12.4680,10569583,0
20100810,12.3532,12.4503,12.1589,12.3002,19041994,0
20100811,12.0000,12.0177,11.6291,11.8146,18321463,0
20100812,11.6115,11.7086,11.5320,11.6115,12816994,0
20100813,11.6115,11.6203,11.4172,11.4349,12555607,0
20100816,11.3024,11.5232,11.1788,11.4525,8529394,0
20100817,11.5497,11.7528,11.4614,11.5453,10414097,0
20100818,11.4967,11.7351,11.3201,11.6291,9873606,0
20100819,11.5143,11.5408,11.0905,11.2848,14784544,0
20100820,11.2759,11.2936,11.0243,11.2406,15369255,0
20100823,11.3554,11.4525,11.0110,11.0199,10890872,0
20100824,10.8962,10.9581,10.6578,10.7241,25885873,0
20100825,10.6049,10.7373,10.5166,10.6932,22978091,0
20100826,10.7108,10.8786,10.6490,10.6843,17639892,0
20100827,10.7815,10.9581,10.5430,10.9139,15369107,0
20100830,10.8079,11.0287,10.7550,10.8698,15569692,0
20100831,10.7815,11.1082,10.6049,11.0993,23058473,0
20100901,11.2583,11.6380,11.2583,11.4790,23992619,0
20100902,11.5408,11.7086,11.4879,11.7086,10370499,0
20100903,11.7528,11.8852,11.6909,11.8852,11232944,0
20100907,11.8322,11.8411,11.4834,11.5320,11936713,0
20100908,11.5673,11.7660,11.5232,11.6380,11900133,0
20100909,11.8322,11.9558,11.7439,11.8499,9403682,0
20100910,11.9470,12.0177,11.7881,11.9294,9563444,0
20100913,12.1148,12.2561,11.9470,12.1943,23303147,0
20100914,12.1236,12.2517,12.0353,12.1943,19062862,0
20100915,12.1501,12.1943,12.0618,12.1369,12337983,0
20100916,12.0706,12.1678,11.8057,11.9558,13164336,0
20100917,12.0618,12.1060,11.8852,11.9382,21065171,0
20100920,12.0441,12.3974,12.0000,12.3532,17400861,0
20100921,12.3267,12.3974,12.0706,12.2031,15793260,0
20100922,12.2914,12.4327,11.8499,11.9205,20720810,0
20100923,11.8057,12.1589,11.7616,11.8852,18365183,0
20100924,12.0971,12.4371,12.0353,12.3620,16830911,0
20100927,12.3355,12.3709,11.9868,12.0088,16363452,0
20100928,12.0706,12.1236,11.7881,12.0177,18657790,0
20100929,11.9470,12.0795,11.6026,11.6645,26494481,0
20100930,11.8146,11.8940,11.4525,11.5320,30919847,0
20101001,11.7263,11.7616,11.4614,11.6909,14924178,0
20101004,11.6380,11.6998,11.3731,11.4525,16911888,0
20101005,11.7086,11.9912,11.6291,11.9735,18899257,0
20101006,11.9735,12.0530,11.7616,11.9029,17472507,0
20101007,11.9823,12.1413,11.7528,12.0353,28751370,0
20101008,12.0795,12.3179,11.9801,12.2561,21270170,0
20101011,12.3091,12.3271,12.1148,12.2119,12132714,0
20101012,12.1236,12.3444,12.0000,12.3091,12393586,0
20101013,12.3620,12.7064,12.2826,12.5121,23198511,0
20101014,12.4857,12.5960,12.3002,12.4327,15426736,0
20101015,12.5828,12.6181,12.2826,12.5210,16326515,0
20101018,12.4680,12.4857,12.3082,12.3885,10510561,0
20101019,12.2472,12.3444,12.0883,12.3267,32559030,0
20101020,12.4238,12.8918,12.3885,12.8565,22985054,0
20101021,12.8565,13.1214,12.6534,12.7770,17170568,0
20101022,12.8389,12.9272,12.6358,12.7152,9769868,0
20101025,12.7947,12.9272,12.5651,12.5828,18025378,0
20101026,12.4945,12.6711,12.4415,12.6358,20197745,0
20101027,12.4062,12.6799,12.3709,12.6446,11932539,0
20101028,12.8124,12.8830,12.6887,12.7947,10855218,0
20101029,12.7594,12.8477,12.5828,12.7682,14420786,0
20101101,12.8389,13.2009,12.7064,12.8124,13716612,0
20101102,12.9625,13.0773,12.8389,12.9095,11813495,0
20101103,12.9536,13.1656,12.7837,13.1038,16928164,0
20101104,13.3422,13.4305,12.9448,13.0243,22408398,0
20101105,13.0066,13.0419,12.7329,12.8035,13718383,0
20101108,12.7152,12.8830,12.5651,12.6623,13805655,0
20101109,12.6887,12.7108,12.5430,12.6093,13341990,0
20101110,12.5298,12.8124,12.5210,12.7594,17322444,0
20101111,12.6446,12.8653,12.6093,12.8300,17590169,0
20101112,12.7152,12.8653,12.6004,12.6711,24960801,0
20101115,12.7947,12.8389,12.6534,12.6976,8449039,0
20101116,12.5916,12.6402,12.4415,12.5828,23806716,0
20101117,12.5563,12.6269,12.4945,12.5872,23007131,0
20101118,12.7947,12.8477,12.6004,12.7064,14503940,0
20101119,12.6711,12.6799,12.4663,12.5298,15156000,0
20101122,12.4150,12.5828,12.3179,12.5475,8866062,0
20101123,12.3620,12.4062,12.0883,12.1325,11414471,0
20101124,12.2826,12.4857,12.2031,12.4238,10204068,0
20101126,12.3002,12.3797,12.2561,12.3267,3480988,0
20101129,12.1501,12.3091,11.9294,12.2561,14295626,0
20101130,12.0618,12.1678,11.9735,12.0441,21422570,0
20101201,12.2561,12.5033,12.2031,12.4238,17680093,0
20101202,12.3709,12.6976,12.3532,12.6446,11199657,0
20101203,12.6358,12.6887,12.5033,12.6446,10786780,0
20101206,12.6093,12.6446,12.4238,12.5651,7092207,0
20101207,12.7329,12.7770,12.5651,12.6799,11652505,0
20101208,12.6534,12.7859,12.5740,12.6093,10285569,0
20101209,12.6887,12.7638,12.5563,12.6358,4979212,0
20101210,12.7241,12.9625,12.6093,12.8918,9458813,0
20101213,12.9448,12.9448,12.6534,12.6623,8699907,0
20101214,12.6269,12.8653,12.6093,12.7152,11310117,0
20101215,12.7152,12.7594,12.5740,12.7064,8166203,0
20101216,12.7152,12.8389,12.6711,12.7506,9871187,0
20101217,12.7152,12.8300,12.6534,12.7770,16994852,0
20101220,12.8124,12.8521,12.7152,12.7417,6139832,0
20101221,12.7770,12.8477,12.7152,12.7947,4635323,0
20101222,12.8477,13.2362,12.8300,13.1921,7672065,0
20101223,13.2009,13.2097,13.0066,13.0861,4661630,0
20101227,12.9890,13.0155,12.8035,12.8918,5901674,0
20101228,12.8565,12.9536,12.6887,12.8477,7374175,0
20101229,12.9007,13.1876,12.8389,12.8653,10405827,0
20101230,12.8918,12.9272,12.7152,12.7947,9120895,0
20101231,12.7770,12.9007,12.7152,12.8565,5014879,0
20110103,13.0243,13.1656,12.9890,13.0331,11966037,0
20110104,12.9625,13.3333,12.9183,13.2362,15387369,0
20110105,13.1038,13.2627,13.0419,13.1126,11286326,0
20110106,13.1656,13.2097,13.0066,13.0773,12553989,0
20110107,13.1391,13.1921,12.7682,12.9625,9628077,0
20110110,12.8300,12.9625,12.7152,12.9095,8614297,0
20110111,12.7947,12.9448,12.5819,12.7241,20152266,0
20110112,12.7417,12.7770,12.5828,12.6799,16658422,0
20110113,12.7241,12.7506,12.4503,12.4768,17338107,0
20110114,12.4592,12.5386,12.3091,12.5121,23924032,0
20110118,12.6623,12.7859,12.5033,12.6887,22344115,0
20110119,12.6181,12.7417,12.5210,12.5651,14716789,0
20110120,12.5298,12.9978,12.5210,12.9448,22815150,0
20110121,13.0243,13.6424,12.8565,13.5298,27898370,0
20110124,13.4393,14.0927,13.4393,13.9249,34598845,0
20110125,13.7660,13.8278,13.6159,13.8190,16524724,0
20110126,13.9161,13.9691,13.7042,13.7219,11271288,0
20110127,13.6865,13.8808,13.4658,13.7660,15374691,0
20110128,13.8102,13.9249,13.2362,13.3157,21165447,0
20110131,13.3069,13.4834,13.2009,13.2627,14940484,0
20110201,13.3598,13.7837,13.3422,13.7660,14960831,0
20110202,13.6954,14.1280,13.6954,14.1236,18975282,0
20110203,14.3488,15.0552,14.2605,14.9757,28962643,0
20110204,14.8786,14.9318,14.7373,14.9051,19248019,0
20110207,14.7903,14.9139,14.6402,14.6490,20450198,0
20110208,14.6225,14.9404,14.5960,14.9320,10521077,0
20110209,14.8874,15.1258,14.7903,14.9316,16817432,0
20110210,14.6490,14.9272,14.6137,14.7991,18085614,0
20110211,14.6490,15.5143,14.5519,15.3642,23844959,0
20110214,15.1611,15.1611,14.8256,14.9404,18011703,0
20110215,14.8521,15.2936,14.7903,15.1082,15870058,0
20110216,15.2318,15.3201,15.0287,15.2936,12060506,0
20110217,15.2053,15.3907,14.9757,15.3907,11470611,0
20110218,15.3907,15.6380,15.2759,15.6380,13406544,0
20110222,15.1788,15.2759,14.6667,14.7815,29160039,0
20110223,14.7903,14.8521,14.4547,14.6225,15566863,0
20110224,14.5960,14.8786,14.3488,14.7991,15090835,0
20110225,14.9669,15.4702,14.9051,15.2936,17587115,0
20110228,15.3201,15.4879,15.2759,15.3377,12677107,0
20110301,15.3996,15.5762,15.0375,15.0419,18286427,0
20110302,15.0022,15.4349,14.9051,15.3289,17767173,0
20110303,15.3907,15.9912,15.3907,15.5762,23322874,0
20110304,15.5497,15.9470,15.3819,15.5408,19273607,0
20110307,15.6115,15.6821,15.1082,15.1965,17022820,0
20110308,15.2583,15.3113,14.8962,15.2587,12308093,0
20110309,15.2318,15.2759,15.0022,15.0993,10707690,0
20110310,14.6843,15.0375,14.4724,14.8256,18413866,0
20110311,14.7196,15.0949,14.6755,15.0640,12200782,0
20110314,14.8698,14.9316,14.5166,14.8609,13176784,0
20110315,14.2517,14.6358,14.1854,14.4989,13831158,0
20110316,14.2781,14.6137,14.1280,14.3135,22387085,0
20110317,14.5695,14.6843,14.3576,14.3797,15048980,0
20110318,14.5784,14.6578,14.3576,14.4194,17145125,0
20110321,14.6578,15.0022,14.5077,14.9294,11735208,0
20110322,14.9492,14.9934,14.6843,14.7638,12434368,0
20110323,14.6402,14.8962,14.4415,14.8168,11975610,0
20110324,14.8698,15.0640,14.6932,14.9581,13887255,0
20110325,15.0905,15.1523,14.8962,15.0287,13148625,0
20110328,15.1435,15.2936,15.0375,15.0905,12944345,0
20110329,15.0817,15.2494,14.9934,15.2406,10631980,0
20110330,15.3289,15.5629,15.2494,15.4614,9831190,0
20110331,15.4084,15.6380,15.2759,15.5232,15335498,0
20110401,15.6468,15.9823,15.6115,15.8587,15424674,0
20110404,15.7528,15.9382,15.7174,15.9117,14768544,0
20110405,15.8852,15.9470,15.6821,15.6909,20620893,0
20110406,15.8411,15.8411,15.3466,15.5055,15564946,0
20110407,15.4084,15.4879,15.0298,15.2671,18230782,0
20110408,15.2671,15.3289,14.9934,15.1611,11736177,0
20110411,15.2230,15.3377,15.0993,15.2406,8972105,0
20110412,15.1347,15.1435,14.8609,15.1082,13552536,0
20110413,15.2053,15.5320,15.0110,15.1876,17503528,0
20110414,15.0464,15.0905,14.8433,14.9934,12131623,0
20110415,14.9581,15.4172,14.9316,15.3642,15006378,0
20110418,15.0640,15.1170,14.8609,14.9934,15427132,0
20110419,15.0464,15.0464,14.8168,14.8962,9245882,0
20110420,15.1347,15.3996,15.0817,15.2671,13376369,0
20110421,15.2936,15.4349,15.1347,15.4349,10202660,0
20110425,15.5320,15.7174,15.3731,15.4172,9068918,0
20110426,15.4967,15.6821,15.3024,15.6468,8347022,0
20110427,15.6556,15.7263,15.4879,15.6733,8243631,0
20110428,15.6556,15.9912,15.6203,15.9294,10523450,0
20110429,15.9205,15.9823,15.7351,15.7351,13370787,0
20110502,15.7263,16.0088,15.6865,15.7528,14194828,0
20110503,15.7704,15.9029,15.3863,15.4702,14645431,0
20110504,15.4437,15.7704,15.1700,15.3113,17359002,0
20110505,14.7991,15.5673,14.7903,15.3201,28848766,0
20110506,15.6468,15.7263,15.3996,15.4614,15479436,0
20110509,15.4879,15.5894,15.3819,15.4172,11100579,0
20110510,15.4790,15.7616,15.3907,15.7086,10168419,0
20110511,15.6291,15.6645,15.2936,15.4525,15364807,0
20110512,15.3466,15.4790,15.0905,15.4702,13880762,0
20110513,15.5143,15.5673,15.2583,15.4084,13544579,0
20110516,15.2494,15.3996,15.1170,15.2053,16602577,0
20110517,15.1788,15.2230,14.9978,15.2141,9967146,0
20110518,15.1258,15.4879,15.0993,15.4614,14245944,0
20110519,15.5497,15.8543,15.4746,15.6291,14740785,0
20110520,15.6115,15.6115,15.3377,15.4349,12766364,0
20110523,15.2053,15.2671,15.0287,15.0905,13359356,0
20110524,15.0993,15.1523,14.9758,15.0552,16604188,0
20110525,14.9934,15.2450,14.9669,15.1700,13317557,0
20110526,15.0905,15.6645,15.0375,15.5762,24919846,0
20110527,15.5673,15.9558,15.5232,15.8764,14768011,0
20110531,15.8940,16.2031,15.8940,16.1943,16350527,0
20110601,16.1413,16.2031,15.5232,15.5850,15842756,0
20110602,15.5408,15.7086,15.4702,15.5232,15330725,0
20110603,15.3113,15.4172,15.1258,15.1700,17422675,0
20110606,15.1170,15.1523,15.0022,15.0199,14099123,0
20110607,15.0552,15.1611,14.7550,14.7726,20760551,0
20110608,14.7020,14.8389,14.6578,14.7196,12986460,0
20110609,14.7726,14.9227,14.6181,14.8344,8246643,0
20110610,14.7461,14.7815,14.3841,14.4636,15795244,0
20110613,14.4901,14.5607,14.2605,14.3488,13794674,0
20110614,14.4901,14.5695,14.4194,14.4636,11880015,0
20110615,14.3400,14.4283,14.0837,14.3311,25516597,0
20110616,14.3135,14.4459,14.0927,14.1898,16834941,0
20110617,14.3753,14.4371,14.1457,14.1722,18425957,0
20110620,14.1457,14.3664,14.1192,14.2958,9894314,0
20110621,14.3400,14.7682,14.2428,14.7020,11681110,0
20110622,14.6137,14.9272,14.5695,14.7638,15980263,0
20110623,14.4547,14.7020,14.3046,14.6755,19407485,0
20110624,14.6843,14.8344,14.5519,14.7726,19236119,0
20110627,14.7196,15.0464,14.5872,14.9404,11184035,0
20110628,14.9757,15.1876,14.8521,15.1656,10944452,0
20110629,15.1700,15.5232,15.0110,15.3554,19133106,0
20110630,15.4702,15.6821,15.3731,15.6291,12316613,0
20110701,15.6645,15.9558,15.5232,15.9470,12694465,0
20110705,15.8057,16.0706,15.7519,16.0088,14154563,0
20110706,15.6291,15.6733,15.0905,15.4260,44167424,0
20110707,15.4790,15.7174,15.3554,15.3907,38274378,0
20110708,15.0640,15.1965,14.6225,14.7903,38756279,0
20110711,14.3488,14.3841,13.6336,13.6689,88437856,0
20110712,14.1015,14.1634,13.4216,13.5541,127809088,0
20110713,13.5541,14.5695,13.5099,14.0662,140439589,0
20110714,14.1104,14.2428,13.4216,13.6291,75037010,0
20110715,13.5629,13.9514,13.1479,13.8102,75291742,0
20110718,13.3422,13.4790,13.0331,13.2141,61875888,0
20110719,13.4834,14.1545,13.4393,13.9426,65313330,0
20110720,14.1280,14.4812,13.9603,14.0662,35072662,0
20110721,14.3400,14.7020,14.3135,14.5519,52266168,0
20110722,14.2075,14.5342,14.1457,14.4989,31390243,0
20110725,14.2340,14.4283,14.1987,14.3223,20843915,0
20110726,14.3400,14.3400,14.0221,14.2649,32227589,0
20110727,14.1192,14.2870,14.0088,14.1280,22425608,0
20110728,14.1634,14.5342,14.0751,14.2252,22832100,0
20110729,14.0662,14.2252,13.9161,14.1457,31532333,0
20110801,14.0839,14.3135,13.7925,14.2163,35090518,0
20110802,14.0927,14.1634,13.4746,13.5011,42972962,0
20110803,13.5276,13.8190,13.3775,13.7837,41724378,0
20110804,13.3598,13.9956,12.8477,12.8565,47557331,0
20110805,12.9272,13.1744,12.4592,12.9536,50048608,0
20110808,12.5121,12.6667,12.0177,12.0265,63837205,0
20110809,12.2119,12.8477,11.8146,12.8477,41645361,0
20110810,12.2737,12.8565,11.9647,12.1060,57369013,0
20110811,13.2450,14.5784,13.2274,14.2958,86580505,0
20110812,14.0662,14.8079,13.9956,14.3311,51826085,0
20110815,14.4106,14.9669,14.3488,14.9316,38820509,0
20110816,14.7815,15.5099,14.6843,15.1347,46627092,0
20110817,15.1347,15.2450,14.9316,15.0375,35148210,0
20110818,14.2959,14.4989,14.1060,14.2958,40486223,0
20110819,14.0574,14.3733,13.6954,13.7395,46461014,0
20110822,13.9868,14.0044,13.6159,13.6954,31325410,0
20110823,13.8190,14.4901,13.7307,14.4547,29639430,0
20110824,14.3753,14.9139,14.3046,14.8698,32843552,0
20110825,14.8874,15.2406,14.5254,14.5828,26159669,0
20110826,14.5960,15.0022,14.2252,14.8962,21945112,0
20110829,15.0993,15.3024,14.9757,15.2980,17906491,0
20110830,15.0464,15.2759,14.8874,15.1170,30775315,0
20110831,15.1170,15.4525,15.0728,15.2494,25090207,0
20110901,15.2759,15.2848,14.8344,14.8433,26617814,0
20110902,14.5607,14.7726,14.3179,14.3664,27446091,0
20110906,13.9603,14.4636,13.8720,14.4194,24901792,0
20110907,14.6490,14.7461,14.5430,14.6932,20377813,0
20110908,14.5519,14.7108,14.3311,14.4106,25815052,0
20110909,14.2870,14.4901,13.9117,14.1545,29920193,0
20110912,13.8896,14.3046,13.8631,14.2870,27616461,0
20110913,14.2605,14.5960,14.1898,14.2958,31926585,0
20110914,14.1280,14.4812,13.9868,14.3046,39477721,0
20110915,14.4106,14.5607,14.3664,14.4592,33665959,0
20110916,14.5607,15.0287,14.3841,14.9757,27906453,0
20110919,14.6313,15.0199,14.5342,14.9139,19369196,0
20110920,14.9845,15.2980,14.7903,14.8521,28076450,0
20110921,14.7815,14.8609,14.2252,14.2384,27764729,0
20110922,13.8985,14.1634,13.5541,13.7748,37809933,0
20110923,13.7042,14.3311,13.5276,14.2252,34488606,0
20110926,14.3135,14.4459,13.9779,14.4283,32400867,0
20110927,14.7020,14.9227,14.4459,14.5519,18578982,0
20110928,14.6049,14.7196,14.0132,14.0530,22542296,0
20110929,14.2958,14.4857,13.8190,14.0662,23711352,0
20110930,13.8631,13.9956,13.6600,13.6689,21687566,0
20111003,13.5364,13.8808,13.2450,13.2539,27835290,0
20111004,12.9978,13.7307,12.9978,13.7219,30520987,0
20111005,13.7307,14.1280,13.5982,14.1104,24923361,0
20111006,14.0927,14.1192,13.8720,14.1015,20209341,0
20111007,14.1545,14.5166,14.1457,14.3488,30238933,0
20111010,14.5872,14.9581,14.5519,14.9492,15321980,0
20111011,14.8874,15.0640,14.7152,14.8433,14963157,0
20111012,15.0110,15.3377,14.9669,15.0905,20473938,0
20111013,14.9404,15.2141,14.8168,15.1170,13220824,0
20111014,15.2671,15.4525,15.1258,15.1700,15680365,0
20111017,15.0728,15.1611,14.7726,14.9051,14092268,0
20111018,14.9669,15.2230,14.8168,15.0375,31732729,0
20111019,15.0287,15.2230,14.6402,14.7461,24133613,0
20111020,14.7903,15.0199,14.5332,14.8786,22464729,0
20111021,15.0375,15.1876,14.7196,15.1876,26167124,0
20111024,15.2583,15.4084,15.1788,15.3598,23759140,0
20111025,15.2848,15.3024,14.8609,14.9051,22208847,0
20111026,15.0375,15.1700,14.7726,14.8918,28092428,0
20111027,15.2494,15.8764,15.2230,15.7528,35805346,0
20111028,15.7351,15.8322,15.5143,15.7174,15216164,0
20111031,15.5673,15.6380,15.4349,15.4702,17665602,0
20111101,14.9669,15.0199,14.6932,14.7373,23015237,0
20111102,14.9227,15.0728,14.6587,14.9227,33600727,0
20111103,15.3996,15.4260,14.7726,14.9051,47035283,0
20111104,14.8079,14.9051,14.6137,14.8344,16966339,0
20111107,14.8433,15.0287,14.7285,14.9669,24604644,0
20111108,15.0905,15.2406,14.7461,15.2053,28105735,0
20111109,14.8256,14.9051,14.4371,14.5166,21436980,0
20111110,14.7461,14.9227,14.4547,14.8521,16422737,0
20111111,15.0640,15.2848,15.0022,15.1611,17214047,0
20111114,15.0464,15.1170,14.9404,15.0817,14014375,0
20111115,15.0022,15.5143,15.0022,15.4084,14205241,0
20111116,15.0905,15.2406,14.8079,14.8256,20603774,0
20111117,14.7991,14.9581,14.5784,14.6667,21711956,0
20111118,14.7196,14.7903,14.3929,14.4106,30651264,0
20111121,14.2737,14.4724,14.1280,14.3841,25306487,0
20111122,14.3400,14.5607,14.2781,14.4901,18897066,0
20111123,14.3046,14.3929,14.0751,14.1545,15634073,0
20111125,14.0662,14.3223,14.0662,14.1015,4847102,0
20111128,14.4459,14.7020,14.4194,14.5695,12522956,0
20111129,14.5695,14.8168,14.5166,14.6049,14692564,0
20111130,15.0199,15.4084,15.0199,15.3996,20716018,0
20111201,15.4790,15.6203,15.3024,15.5055,15735293,0
20111202,15.6733,15.8234,15.5298,15.5408,9470550,0
20111205,15.8852,15.8940,15.5232,15.6380,14656480,0
20111206,15.6909,15.8852,15.6291,15.7704,14024140,0
20111207,15.6468,15.7793,15.3377,15.6203,20740897,0
20111208,15.5762,15.5850,15.1170,15.1435,17514823,0
20111209,15.2583,15.6026,15.2230,15.5055,13780719,0
20111212,15.4525,15.4570,15.2318,15.4084,16135538,0
20111213,15.5232,15.6733,15.1611,15.2406,15373822,0
20111214,15.1258,15.2759,14.9669,15.1347,18499240,0
20111215,15.3466,15.3712,15.0287,15.0552,16775367,0
20111216,15.1700,15.3996,14.9916,14.9934,32902604,0
20111219,15.0905,15.1435,14.7285,14.7903,12700721,0
20111220,15.0287,15.2141,14.9404,15.1656,20010100,0
20111221,15.2141,15.4084,15.1391,15.3642,16465153,0
20111222,15.3466,15.4260,15.1876,15.3245,12067903,0
20111223,15.3996,15.5585,15.3554,15.5541,5846060,0
20111227,15.5143,15.7263,15.4790,15.6733,5878805,0
20111228,15.6733,15.6821,15.3429,15.4084,11387813,0
20111229,15.6291,15.8057,15.5055,15.7793,14411220,0
20111230,15.7881,15.8499,15.6998,15.7528,6997493,0
20120103,16.0971,16.3355,16.0883,16.2031,22099173,0
20120104,16.1766,16.2384,16.0132,16.0883,17644450,0
20120105,16.0795,16.3532,15.9029,16.3267,18036262,0
20120106,16.3355,16.4768,16.1501,16.1589,13551293,0
20120109,16.1766,16.2605,16.0883,16.2031,10489164,0
20120110,16.3974,16.6313,16.3444,16.4680,15216548,0
20120111,16.4680,16.6534,16.4106,16.6004,13622241,0
20120112,16.6623,16.7417,16.4945,16.6799,11910534,0
20120113,16.6269,16.6534,16.3090,16.4327,8745472,0
20120117,16.7859,16.8565,16.6623,16.7947,16450320,0
20120118,16.8212,17.1479,16.7770,17.0243,16700652,0
20120119,17.0596,17.4305,17.0243,17.4216,18825130,0
20120120,17.4746,17.4746,16.8477,16.9448,19807888,0
20120123,16.8477,17.0464,16.7506,16.9625,11147031,0
20120124,16.8565,16.9581,16.6799,16.8389,11949246,0
20120125,16.7241,16.7770,16.5475,16.5828,24367811,0
20120126,16.7241,16.7682,16.5033,16.6181,21693707,0
20120127,16.6269,16.7417,16.5386,16.6711,12369590,0
20120130,16.5033,16.8918,16.4062,16.8565,16544096,0
20120131,16.8918,17.0508,16.6269,16.6269,17436864,0
20120201,16.7329,17.0773,16.6976,16.9713,14702225,0
20120202,16.9536,17.0066,16.5740,16.7241,15551967,0
20120203,16.9536,17.0684,16.8918,17.0243,14467763,0
20120206,16.9713,17.2759,16.9713,17.2715,13686233,0
20120207,17.2185,17.4040,17.0684,17.2185,11138908,0
20120208,17.1567,17.4393,17.1214,17.3245,26099098,0
20120209,17.1744,17.3422,16.8477,16.9625,33482328,0
20120210,16.8918,16.9713,16.8212,16.9316,15015684,0
20120213,17.0508,17.2097,16.9890,17.1391,24519400,0
20120214,17.0773,17.1391,16.7417,16.9095,19367747,0
20120215,16.9713,17.0331,16.6004,16.6358,15184685,0
20120216,16.7064,16.8830,16.5828,16.7859,18107256,0
20120217,16.7859,17.3510,16.7594,17.3068,25594594,0
20120221,17.3422,17.4305,17.1567,17.2539,10854735,0
20120222,17.2097,17.3157,16.9801,17.0419,12163813,0
20120223,17.0596,17.3687,16.9801,17.3510,14180636,0
20120224,17.3510,17.5188,17.1921,17.2715,13749777,0
20120227,17.3245,17.3819,17.0155,17.2097,11756096,0
20120228,17.2097,17.6247,17.0861,17.4923,21405030,0
20120229,17.5541,17.9735,17.5011,17.5453,32427702,0
20120301,17.5629,17.6865,17.4658,17.6336,15202569,0
20120302,17.4128,17.6865,17.3157,17.4923,12653625,0
20120305,17.4128,17.4305,17.1214,17.2097,12973086,0
20120306,17.0508,17.0508,16.7064,16.8698,18579447,0
20120307,16.9007,17.2053,16.8389,17.1567,8635395,0
20120308,17.2539,17.4216,17.1611,17.3113,9515385,0
20120309,17.3422,17.6777,17.2804,17.5099,12275737,0
20120312,17.4216,17.5188,17.1744,17.1832,8240141,0
20120313,17.2715,17.6424,17.2097,17.6247,12473398,0
20120314,17.5806,17.6865,17.4305,17.6777,15805928,0
20120315,17.8896,17.9956,17.6865,17.8278,20889984,0
20120316,17.7130,17.8455,17.6689,17.6689,20889965,0
20120319,17.5982,17.9514,17.5541,17.7660,9482243,0
20120320,17.5894,17.6424,17.4658,17.5541,10460041,0
20120321,17.5276,17.6865,17.4834,17.6336,8622397,0
20120322,17.4658,17.5634,17.3554,17.4128,10673373,0
20120323,17.4570,17.5188,17.2009,17.4746,11037787,0
20120326,17.6512,17.8455,17.5541,17.8278,17365237,0
20120327,17.9161,18.0132,17.8455,17.8808,10649708,0
20120328,17.7219,17.8102,17.4040,17.4305,15059795,0
20120329,17.2539,17.3068,17.0508,17.1656,22326549,0
20120330,17.3068,17.5011,17.0949,17.4040,27636976,0
20120402,17.3333,17.6689,17.2362,17.5894,10783821,0
20120403,17.4481,17.8190,17.4305,17.6071,16877673,0
20120404,17.4923,17.5099,17.0993,17.1479,13679171,0
20120405,17.0508,17.2539,16.9183,17.2097,17121770,0
20120409,16.8742,16.9801,16.6623,16.8035,16281314,0
20120410,16.7417,16.8653,16.4680,16.4768,14252398,0
20120411,16.6887,16.8300,16.5828,16.6402,8423072,0
20120412,16.7594,17.0949,16.6976,17.0817,7806682,0
20120413,16.9978,17.1126,16.8918,16.9095,9649971,0
20120416,16.9801,16.9801,16.7417,16.8830,13139350,0
20120417,17.0419,17.2318,16.9713,17.1214,8997629,0
20120418,17.0243,17.1391,16.9051,17.0155,6371035,0
20120419,16.9360,16.9978,16.6534,16.6799,19043266,0
20120420,16.7682,17.0419,16.7461,16.7859,14418311,0
20120423,16.6711,16.7947,16.4680,16.7594,17072778,0
20120424,16.8477,17.1214,16.8212,16.9801,11925951,0
20120425,17.0331,17.2185,16.9360,17.0155,12952666,0
20120426,16.9801,17.4128,16.8962,17.3157,17628492,0
20120427,17.4128,17.4128,17.1921,17.2892,13171884,0
20120430,17.2097,17.3333,17.1391,17.3113,11274759,0
20120501,17.2627,17.6600,17.2627,17.4746,14967073,0
20120502,17.4128,17.6247,17.2715,17.5629,9994291,0
20120503,17.4570,17.5629,17.3333,17.4040,12192046,0
20120504,17.2450,17.3687,16.9360,16.9360,16051594,0
20120507,16.8653,17.2185,16.7859,17.1302,13131852,0
20120508,16.9183,17.1214,16.8389,17.0684,11624286,0
20120509,16.8653,17.2097,16.6755,17.1126,23923303,0
20120510,17.6600,18.2075,17.6424,17.9426,32675170,0
20120511,17.8720,18.2787,17.7924,17.8543,17152082,0
20120514,17.6777,18.1015,17.5629,17.7837,18444927,0
20120515,17.7483,17.9338,17.5629,17.5982,14659072,0
20120516,17.6336,17.7925,17.4216,17.4225,16717691,0
20120517,17.3863,17.4746,17.1832,17.1832,16371363,0
20120518,17.2539,17.2539,16.9625,17.0155,17431396,0
20120521,16.9890,17.2450,16.8035,17.2185,16913861,0
20120522,17.2715,17.4305,17.0508,17.2539,16871661,0
20120523,16.9978,17.1302,16.7241,16.9360,23858027,0
20120524,16.9448,17.2362,16.8830,17.1126,14300004,0
20120525,17.1832,17.2804,17.0596,17.1567,10486000,0
20120529,17.3068,17.4923,17.1744,17.3863,13102117,0
20120530,17.2450,17.4128,17.0419,17.1302,16039340,0
20120531,17.0949,17.1744,16.8830,16.9536,20096767,0
20120601,16.6976,16.8035,16.3709,16.3797,23580632,0
20120604,16.2649,16.4945,16.1766,16.4150,19228213,0
20120605,16.3620,16.5563,16.3179,16.4283,16179703,0
20120606,16.5121,17.1656,16.5033,17.1302,27973340,0
20120607,17.3068,17.4305,16.9890,17.0331,13132688,0
20120608,16.9890,17.2185,16.8035,17.1656,17293777,0
20120611,17.4128,17.4216,16.8653,16.9007,11500741,0
20120612,17.0243,17.3951,16.8918,17.3951,16008841,0
20120613,17.3068,17.4702,17.1214,17.2759,18372878,0
20120614,17.2715,17.6600,17.2274,17.5364,19392012,0
20120615,17.5982,17.7483,17.4570,17.7219,24009716,0
20120618,17.7130,17.8455,17.5276,17.7395,9700839,0
20120619,17.8278,17.9868,17.7307,17.8720,11538355,0
20120620,17.8985,18.1634,17.8543,18.0839,12378076,0
20120621,18.0927,18.1987,17.7748,17.7969,12842352,0
20120622,17.8366,18.0574,17.7219,17.9779,14238586,0
20120625,17.8013,17.8366,17.6424,17.7351,11303693,0
20120626,18.8168,19.3289,18.7196,19.2141,71159746,0
20120627,19.1082,20.0706,19.0817,19.6998,62044638,0
20120628,19.4879,19.6291,19.2318,19.4172,42301520,0
20120629,19.6733,19.7263,19.3201,19.6821,42018457,0
20120702,19.6909,20.1854,19.6468,20.1766,24112070,0
20120703,20.1325,20.2561,20.0000,20.0706,8401366,0
20120705,19.8234,19.9823,19.6777,19.8146,14985730,0
20120706,19.7439,19.8322,19.4658,19.5408,18409706,0
20120709,19.4967,19.5673,19.2406,19.3554,19727209,0
20120710,19.4879,19.6026,19.1965,19.3024,10622642,0
20120711,19.2936,19.3907,19.0199,19.1523,12794210,0
20120712,19.0287,19.2230,18.7903,19.0375,17958837,0
20120713,19.0905,19.4834,18.9845,19.3819,10516907,0
20120716,19.2936,19.3907,19.1082,19.2936,8069426,0
20120717,19.4702,19.6821,19.1435,19.6821,12650471,0
20120718,19.5673,19.8411,19.5232,19.7528,11272008,0
20120719,19.9382,20.1678,19.7528,19.7792,13758663,0
20120720,19.7528,19.7969,19.3996,19.4172,18329855,0
20120723,19.0375,19.3113,18.9007,19.2671,13867894,0
20120724,19.3024,19.4084,19.0287,19.2053,13417190,0
20120725,19.2936,19.6564,19.2318,19.4967,13159474,0
20120726,19.8764,20.0618,19.7439,19.9470,11903203,0
20120727,20.1854,20.8035,20.0795,20.6446,24847600,0
20120730,20.6269,20.6976,20.4415,20.5475,12124815,0
20120731,20.4680,20.4945,20.2826,20.3267,16181715,0
20120801,20.5033,20.5475,20.2561,20.3179,18281515,0
20120802,20.1325,20.5298,20.0177,20.4327,16463885,0
20120803,20.5916,20.8124,20.5739,20.7241,17609691,0
20120806,20.8300,21.0331,20.6711,20.8389,21830523,0
20120807,20.8830,21.2274,20.8830,21.0684,25740082,0
20120808,20.9801,21.1479,20.8389,20.9448,22161766,0
20120809,20.5298,21.2362,20.5298,20.9007,30367488,0
20120810,20.8300,20.8477,20.5033,20.6534,16876847,0
20120813,20.6093,20.7020,20.4768,20.5475,11040196,0
20120814,20.6269,20.7770,20.4945,20.5739,8030209,0
20120815,20.5828,20.7152,20.4680,20.6623,7927296,0
20120816,20.6799,20.8124,20.5828,20.7594,12199926,0
20120817,20.8477,20.8477,20.4592,20.5386,15979914,0
20120820,20.4768,20.5739,20.2296,20.3620,25332060,0
20120821,20.4327,20.8300,20.4238,20.6004,11641720,0
20120822,20.5121,20.7859,20.5033,20.7770,10216316,0
20120823,20.6623,20.7329,20.4150,20.5828,11944907,0
20120824,20.3709,20.6358,20.2208,20.5828,20418012,0
20120827,20.6093,20.7329,20.4945,20.6446,7401418,0
20120828,20.5828,20.6887,20.4768,20.5563,8573347,0
20120829,20.6446,20.7329,20.5210,20.6534,5506349,0
20120830,20.5298,20.6181,20.3532,20.4238,8139092,0
20120831,20.5033,20.8035,20.5033,20.6534,11239258,0
20120904,20.6887,20.9272,20.5298,20.7770,15076956,0
20120905,20.7506,21.0375,20.7329,20.9713,15299260,0
20120906,21.1832,21.6689,21.1126,21.6291,21939907,0
20120907,21.7748,21.8057,21.5320,21.6071,13307565,0
20120910,21.5982,21.6336,21.2892,21.3201,16489397,0
20120911,21.2980,21.6159,21.2009,21.5011,14002021,0
20120912,21.6424,21.7307,21.2804,21.3245,11752848,0
20120913,21.3157,21.6600,21.2892,21.5099,18771594,0
20120914,21.6071,21.8985,21.4481,21.7837,19204063,0
20120917,21.7660,21.8455,21.5011,21.7219,9847538,0
20120918,21.7042,21.7130,21.5011,21.6115,8160828,0
20120919,21.6954,22.0574,21.6336,21.9691,13473083,0
20120920,21.8190,22.1236,21.8190,22.0927,12345472,0
20120921,22.1457,22.2340,21.9249,22.0397,23086196,0
20120924,21.8631,22.1192,21.8190,21.9117,6974907,0
20120925,21.9868,22.1104,21.5629,21.5894,13601072,0
20120926,21.6247,21.6424,21.2759,21.4923,13112698,0
20120927,21.5982,22.0044,21.5188,21.7660,10957528,0
20120928,21.6865,21.8896,21.5982,21.6380,13713277,0
20121001,21.7483,22.1634,21.5629,21.6777,11898626,0
20121002,21.7837,21.8631,21.6424,21.7572,9829365,0
20121003,21.7748,22.1192,21.6954,21.8631,9936123,0
20121004,21.9426,22.1192,21.8455,22.1060,13592753,0
20121005,22.1722,22.4724,22.1722,22.2428,12554260,0
20121008,22.2870,22.3267,22.1015,22.1898,8831406,0
20121009,22.1634,22.2428,21.7130,21.7395,13108443,0
20121010,21.7925,21.9956,21.4393,21.4923,23535839,0
20121011,21.6865,21.7086,21.2362,21.3775,21463495,0
20121012,21.4040,21.4393,21.2097,21.2892,13709241,0
20121015,21.3157,21.5982,21.1744,21.5099,10276311,0
20121016,21.6512,22.0309,21.6247,21.8720,10213568,0
20121017,21.9603,22.3135,21.8985,22.2517,9753002,0
20121018,22.3488,22.5166,22.1987,22.4459,11047834,0
20121019,22.4636,22.5166,21.7925,21.9956,14503224,0
20121022,21.9073,22.0751,21.7307,21.8366,13092685,0
20121023,21.6424,21.6512,21.0684,21.2804,20832196,0
20121024,21.3422,21.7572,21.2804,21.5717,12774105,0
20121025,21.7660,21.8102,21.1832,21.2715,12779113,0
20121026,21.2097,21.3687,20.7417,21.0066,19639716,0
20121031,21.1656,21.2980,21.0331,21.1302,11520158,0
20121101,21.2362,21.5541,21.1302,21.4216,14449290,0
20121102,21.5276,21.6512,21.0684,21.0949,13601723,0
20121105,21.0773,21.1832,20.9625,21.1214,15428375,0
20121106,21.2627,21.4923,21.1038,21.4393,22294133,0
20121107,21.5188,22.1192,21.3157,21.7837,30452041,0
20121108,21.6865,22.0221,21.4923,21.5099,15833927,0
20121109,21.5453,21.7219,21.4525,21.5629,15551647,0
20121112,21.5629,21.5717,21.3815,21.4481,14362625,0
20121113,21.3687,21.7219,21.2450,21.3157,15736617,0
20121114,21.4128,21.4216,20.7064,20.7815,18256523,0
20121115,20.8477,20.8742,20.3002,20.4164,23523389,0
20121116,20.4238,20.7152,20.2826,20.5651,24975971,0
20121119,20.8742,21.1921,20.7417,21.1656,13909069,0
20121120,21.0861,21.3687,20.9890,21.2009,15211206,0
20121121,21.1921,21.2539,21.0066,21.0331,10378616,0
20121123,21.3157,21.5982,21.2362,21.4570,5119719,0
20121126,21.4216,21.4570,21.1744,21.3068,13772625,0
20121127,21.3510,21.4393,21.1126,21.1302,11907446,0
20121128,21.0949,21.5629,21.0464,21.5188,15540870,0
20121129,21.5364,21.9161,21.5364,21.8234,14110536,0
20121130,21.8543,21.9426,21.7307,21.7572,14735423,0
20121203,21.9073,22.0927,21.6247,21.6600,11905913,0
20121204,21.7219,21.7572,21.3863,21.6380,14421241,0
20121205,21.6865,21.7307,21.3731,21.4128,19663283,0
20121206,21.4305,21.7307,21.4084,21.7219,10510344,0
20121207,21.8631,21.9603,21.6865,21.9559,11087271,0
20121210,21.8896,22.0221,21.8300,21.9514,10964012,0
20121211,22.0132,22.1236,21.9691,22.0132,17678322,0
20121212,22.1015,22.1634,21.8366,21.8896,14812816,0
20121213,21.9691,21.9956,21.5276,21.7748,22001477,0
20121214,21.7130,21.7483,21.4216,21.5805,28969622,0
20121217,21.7219,22.1457,21.5894,22.1236,15365675,0
20121218,22.1634,22.5430,22.0221,22.5077,18250244,0
20121219,22.4989,22.5430,22.2781,22.2781,11345158,0
20121220,22.3311,22.5077,22.2861,22.4459,15829066,0
20121221,22.2075,22.2075,21.6777,22.0309,22994066,0
20121224,22.0751,22.2870,21.8013,22.2075,4144775,0
20121226,22.1987,22.2252,21.8278,21.9956,11896125,0
20121227,22.0132,22.1280,21.6115,21.9779,12541859,0
20121228,21.8543,22.0662,21.7042,21.7307,15287150,0
20121231,21.6512,22.5607,21.5453,22.5254,20742889,0
20130102,23.0640,23.5850,23.0375,23.4967,25433243,0
20130103,23.4967,23.5232,23.1082,23.1876,15245781,0
20130104,23.2583,23.4879,23.1523,23.3996,12409850,0
20130107,23.2583,23.3642,23.0375,23.1347,7165779,0
20130108,23.0022,23.1921,22.9404,23.0728,11645236,0
20130109,23.1347,23.3731,23.0464,23.3024,10161513,0
20130110,23.7528,23.8499,23.5497,23.8146,18796472,0
20130111,23.7528,23.8411,23.6645,23.7792,11983060,0
20130114,23.5938,23.7881,23.5850,23.6645,9392909,0
20130115,23.5055,23.8940,23.4349,23.8764,13282394,0
20130116,23.7439,23.9558,23.7439,23.8322,8525547,0
20130117,24.0265,24.3444,23.9117,24.2517,20746478,0
20130118,24.2119,24.2649,23.9470,24.0706,13438292,0
20130122,24.1060,24.1060,23.8146,23.9912,12908277,0
20130123,23.9647,24.2031,23.8940,24.2031,14733512,0
20130124,24.2296,24.3709,23.8720,23.8940,36896323,0
20130125,24.0088,24.1060,23.8234,24.0265,13304758,0
20130128,24.3179,24.6711,24.2031,24.3355,24655170,0
20130129,24.2472,24.5740,24.1236,24.5298,14278540,0
20130130,24.4327,24.9183,24.3709,24.6358,26926178,0
20130131,24.6799,24.7947,24.3974,24.4945,13876676,0
20130201,24.8389,25.1038,24.7241,24.8609,25359019,0
20130204,24.6534,24.8079,24.5651,24.6755,17686915,0
20130205,24.7506,25.0684,24.6269,25.0331,21781211,0
20130206,24.9360,24.9978,24.7859,24.9183,34115695,0
20130207,24.1678,24.7241,24.1413,24.3355,47105906,0
20130208,24.5033,25.1302,24.4503,25.1302,20553275,0
20130211,25.2009,25.2185,24.8389,24.9978,12955329,0
20130212,24.9448,25.0949,24.9007,25.0243,10441282,0
20130213,25.1744,25.1921,24.9448,25.0066,12621523,0
20130214,24.9272,25.3245,24.9183,25.1567,13796681,0
20130215,25.2009,25.5453,25.1347,25.5188,27067608,0
20130219,25.4834,25.7660,25.4570,25.7572,17946885,0
20130220,25.7837,25.8720,25.2804,25.3422,19062315,0
20130221,25.2627,25.2627,24.8698,24.9448,13586416,0
20130222,25.0243,25.2274,24.9625,25.2274,10100697,0
20130225,25.3157,25.4658,24.7064,24.7241,16196988,0
20130226,24.7947,25.0419,24.7329,24.9890,21181286,0
20130227,24.9713,25.5276,24.9536,25.4393,17393624,0
20130228,25.3863,25.5806,25.3289,25.4349,11109495,0
20130301,25.3068,25.7483,25.1479,25.7307,13283895,0
20130304,25.4658,26.0574,25.3245,26.0397,15837143,0
20130305,26.1810,26.7196,26.1457,26.6578,21705346,0
20130306,26.8168,26.9139,26.3753,26.3753,16002792,0
20130307,26.3576,26.5519,26.2886,26.4459,14143492,0
20130308,26.5077,27.1611,26.4194,26.9934,16959697,0
20130311,26.8698,27.0993,26.8344,27.0993,7803516,0
20130312,27.0993,27.0993,26.5960,26.9007,18066114,0
20130313,26.9757,26.9757,26.6137,26.8918,12462447,0
20130314,26.9669,27.0728,26.8609,27.0640,9818097,0
20130315,26.9404,27.1082,26.7196,26.8079,15347438,0
20130318,26.5166,26.8168,26.3223,26.6313,10277776,0
20130319,26.6843,26.7020,25.8808,26.1634,17484117,0
20130320,26.4106,26.6225,26.3002,26.5342,9287818,0
20130321,26.3576,26.5342,26.2075,26.3664,13113148,0
20130322,26.5166,26.7638,26.4371,26.7461,12941803,0
20130325,26.8521,26.9757,26.3841,26.6932,15141013,0
20130326,26.7373,26.8609,26.6578,26.7815,7064074,0
20130327,26.6667,26.7461,26.4283,26.6932,6577119,0
20130328,26.6578,27.0773,26.6490,26.9404,9770608,0
20130401,27.2406,27.2406,26.5960,26.7903,13856698,0
20130402,26.9845,27.4879,26.9051,27.3996,12769786,0
20130403,27.4172,27.4614,26.9845,27.1435,10852248,0
20130404,27.0640,27.1347,26.7726,26.8521,13672774,0
20130405,26.5166,27.0993,26.1545,27.0552,15815511,0
20130408,27.1611,27.8057,26.9845,27.7351,17161913,0
20130409,27.7969,27.7969,27.3819,27.5232,12140353,0
20130410,27.4790,27.7483,27.3333,27.5541,13571127,0
20130411,27.6556,27.9823,27.5850,27.8808,10639232,0
20130412,27.8146,27.8675,27.5320,27.8499,8283315,0
20130415,27.5762,27.5762,26.8433,26.8433,11698042,0
20130416,27.0817,27.7792,26.9583,27.6645,13647347,0
20130417,27.4172,27.5143,27.1038,27.3863,13234433,0
20130418,27.5055,27.5055,26.7991,26.8786,14131824,0
20130419,26.8344,27.6247,26.6490,27.5585,21565112,0
20130422,27.5674,28.0309,27.3731,27.9382,11654691,0
20130423,27.9647,28.1810,27.5762,27.9382,12552303,0
20130424,27.9205,28.0353,27.4084,27.4790,14167160,0
20130425,27.6910,27.7174,27.4702,27.5497,7656174,0
20130426,27.5673,27.6998,27.3687,27.5055,6924071,0
20130429,27.5320,27.7439,27.3201,27.3642,8487948,0
20130430,27.5497,27.5673,27.2230,27.3466,18829678,0
20130501,27.3554,27.7086,27.2583,27.4879,11228157,0
20130502,27.5938,28.4327,27.4614,28.1501,16856055,0
20130503,28.5033,28.7241,28.1854,28.2296,20937282,0
20130506,28.1501,28.3532,28.0883,28.2649,13114355,0
20130507,28.3620,28.4856,28.2207,28.4238,12962138,0
20130508,28.2561,28.3532,27.7439,28.1325,22308141,0
20130509,29.2009,30.0574,29.1391,29.3951,28377121,0
20130510,29.2185,29.6071,29.2009,29.3775,9479871,0
20130513,29.2274,29.5011,29.0287,29.4128,11172150,0
20130514,29.5453,29.7307,29.4570,29.5629,17394138,0
20130515,29.3863,29.5011,29.1832,29.4746,12715850,0
20130516,29.1832,29.4834,28.9801,29.0155,15038066,0
20130517,29.2362,29.3951,29.1126,29.3333,12095662,0
20130520,29.1921,29.3157,29.1038,29.1832,10085224,0
20130521,29.2097,29.4216,28.9536,29.3245,10735012,0
20130522,29.2892,29.9514,29.2009,29.3333,18899634,0
20130523,29.3157,29.3245,28.8035,29.0243,13534159,0
20130524,28.8653,29.4040,28.7064,29.2185,16934075,0
20130528,29.0243,29.5806,29.0243,29.3510,13535782,0
20130529,29.1302,29.1567,28.7417,28.9625,16248562,0
20130530,28.9272,29.1302,28.6181,28.6269,12927819,0
20130531,28.4062,28.8212,28.3355,28.3532,17297096,0
20130603,28.4062,28.6887,27.8896,28.6799,15551973,0
20130604,28.6799,29.0949,28.4327,28.6711,13414639,0
20130605,28.3797,28.3885,27.7969,27.8411,18561709,0
20130606,27.7174,28.1413,27.3201,28.0971,24369771,0
20130607,28.1678,28.4680,27.7263,28.4062,14166908,0
20130610,28.6093,28.6269,28.1501,28.2119,9234661,0
20130611,27.7704,28.2737,27.4349,27.9647,19382288,0
20130612,28.1325,28.1325,27.1523,27.3201,18028294,0
20130613,27.1965,28.1060,26.7815,27.9735,22765373,0
20130614,27.5762,27.9117,27.4614,27.6291,13295905,0
20130617,27.6380,27.9426,27.4790,27.6203,12444430,0
20130618,27.5938,28.3179,27.3377,27.8675,35700394,0
20130619,28.2296,28.8389,28.0530,28.4592,26794790,0
20130620,28.1766,28.3841,27.4614,27.6194,22941485,0
20130621,27.7351,27.9029,27.4437,27.7439,17670667,0
20130624,27.6821,27.6895,27.1611,27.4967,12181797,0
20130625,27.6910,27.9382,27.5938,27.7792,10244066,0
20130626,28.0088,28.4062,27.8543,28.3885,17608509,0
20130627,28.5475,29.1832,28.5342,28.8653,25089731,0
20130628,28.6623,29.0066,28.6358,28.7682,21186629,0
20130701,28.7700,29.8700,28.7700,29.4000,11622903,0
20130702,29.7500,29.7500,29.1300,29.2100,16241135,0
20130703,29.0700,29.7250,28.7900,29.6500,9191898,0
20130705,30.3300,30.5400,29.9100,30.3850,11549327,0
20130708,30.6000,30.6500,30.0700,30.3700,12056195,0
20130709,30.5000,30.6100,29.9600,30.0900,14318958,0
20130710,30.0700,30.1800,29.6100,30.0200,11758240,0
20130711,30.5200,30.5200,29.7800,29.9400,18339342,0
20130712,30.0800,30.2600,29.9000,30.1900,14616734,0
20130715,30.2800,30.3400,29.9000,30.0000,11453260,0
20130716,30.1400,30.3700,30.0400,30.2200,6651690,0
20130717,30.2800,30.4600,29.9400,30.1600,6064489,0
20130718,30.2800,31.1350,30.2500,31.0200,14205029,0
20130719,30.9900,31.1100,30.5400,30.6800,10142495,0
20130722,31.3200,31.4800,30.5600,30.8700,8714493,0
20130723,30.6900,30.9750,30.5100,30.8600,11088191,0
20130724,30.8000,30.9500,30.2800,30.4800,9260709,0
20130725,30.1400,30.4650,30.1100,30.3900,8145959,0
20130726,30.0700,30.4500,30.0600,30.4300,7179314,0
20130729,30.2900,30.3050,29.7800,29.9100,10626021,0
20130730,29.9100,30.1600,29.4200,29.4200,15093448,0
20130731,29.6200,30.1200,29.4700,29.8800,13158394,0
20130801,30.1000,30.6400,30.0700,30.6200,12521141,0
20130802,30.7700,31.5600,30.5900,31.5300,19628983,0
20130805,31.4000,32.6550,31.2500,31.3600,14205445,0
20130806,31.1600,31.6700,31.0900,31.2300,12527005,0
20130807,32.0000,32.8900,31.4800,31.8100,26152396,0
20130808,31.8000,33.8400,31.7650,32.7900,28130153,0
20130809,32.9000,33.1000,32.6300,32.7700,16105321,0
20130812,32.5600,32.8400,32.5400,32.6600,9306478,0
20130813,32.7000,32.7100,32.3100,32.5200,9714711,0
20130814,32.5200,32.7400,32.1200,32.2700,8921418,0
20130815,32.2000,32.2000,31.5200,31.8400,9462689,0
20130816,31.6900,32.2000,31.6900,31.9700,8286838,0
20130819,32.1000,32.1000,31.4100,31.4400,8981778,0
20130820,31.5900,31.9700,31.4501,31.8900,10791694,0
20130821,31.6900,31.9300,31.4200,31.4500,11292376,0
20130822,31.6100,33.6100,31.5100,32.0800,5687825,0
20130823,32.1100,32.3250,32.0050,32.1900,8950166,0
20130826,32.1600,32.5599,32.0100,32.0800,7823111,0
20130827,31.7300,31.9000,31.3800,31.6000,9480092,0
20130828,31.6700,31.7500,31.2200,31.5700,8491791,0
20130829,31.3200,31.8900,31.2200,31.4200,9346644,0
20130830,31.5800,31.6980,31.1377,31.3300,6081735,0
20130903,32.3200,32.3400,31.5900,31.7100,10636073,0
20130904,31.8400,32.1900,31.6300,31.9500,7992687,0
20130905,31.8800,32.1450,31.4800,31.9500,6181358,0
20130906,31.8800,32.4100,31.4300,32.1000,7081442,0
20130909,32.1100,32.1950,31.7910,32.1300,5609309,0
20130910,32.2500,32.4400,32.0800,32.2200,7576746,0
20130911,32.6100,32.6300,32.2350,32.4650,8151849,0
20130912,32.4600,32.5599,32.1500,32.3100,9119404,0
20130913,32.5600,32.6600,32.0900,32.6300,8768317,0
20130916,33.1000,33.3600,32.5200,32.6000,10716129,0
20130917,32.6000,32.7800,32.4800,32.5900,8866266,0
20130918,32.5200,33.0100,32.3000,32.7300,10025388,0
20130919,32.8600,32.9200,32.4150,32.8100,8063533,0
20130920,32.9100,33.2900,32.8700,33.0100,10333041,0
20130923,32.7500,33.0300,32.6750,32.7400,5787125,0
20130924,32.8600,32.9400,32.5000,32.5500,7280679,0
20130925,32.3900,32.8000,32.2500,32.6700,11045237,0
20130926,32.7000,33.0400,32.6500,33.0200,5760195,0
20130927,32.7800,33.4300,32.7300,33.2600,9548478,0
20130930,33.0700,33.5800,32.8000,33.5100,11238595,0
20131001,33.6200,34.1200,33.4300,33.9800,16194912,0
20131002,33.6300,33.9700,33.5400,33.7100,20233865,0
20131003,33.5600,33.7250,33.0000,33.1500,13072298,0
20131004,33.3300,33.8300,33.2000,33.6500,9931493,0
20131007,33.7100,33.7200,33.0215,33.0900,7086073,0
20131008,33.1100,33.2200,32.4000,32.4400,8754182,0
20131009,32.3950,32.6200,32.0100,32.2000,10001156,0
20131010,32.5500,33.0200,32.3200,32.8500,10440400,0
20131011,32.8900,33.2400,32.6400,33.2300,6858194,0
20131014,32.9900,33.7800,32.9400,33.6900,8226586,0
20131015,33.4600,33.7250,33.3600,33.4200,9225405,0
20131016,33.7300,34.1100,33.6300,33.9410,6909381,0
20131017,33.8300,34.4200,33.7400,34.3200,8788895,0
20131018,34.5500,34.5900,34.2200,34.2600,7803072,0
20131021,34.2100,34.5600,34.2000,34.4000,6893771,0
20131022,34.5400,35.0400,34.4300,34.8700,9405050,0
20131023,34.6100,34.9300,34.5300,34.7700,7579979,0
20131024,34.9100,35.2300,34.7800,35.1800,11912366,0
20131025,35.3000,35.3300,34.8000,34.8600,15330549,0
20131028,34.8800,35.0300,34.7100,34.8310,8307505,0
20131029,34.6800,34.9550,34.5600,34.8200,5979281,0
20131030,34.8400,34.9500,33.7600,33.9350,16036840,0
20131031,34.0700,34.4500,33.9650,34.0810,10802947,0
20131101,34.5000,34.5000,34.0400,34.3700,8125120,0
20131104,34.5000,34.5200,33.9500,34.1500,6431376,0
20131105,31.7100,34.1500,31.7100,34.0900,9434370,0
20131106,34.4200,35.4390,33.7800,33.9200,17557968,0
20131107,33.8900,34.1000,32.6400,32.8000,19383053,0
20131108,33.0400,33.8900,32.8700,33.8400,13125040,0
20131111,33.7400,33.8400,33.3950,33.4600,6456638,0
20131112,33.2800,33.3610,32.8500,33.1700,13643003,0
20131113,32.9000,33.7400,32.8600,33.6900,11084412,0
20131114,33.8000,34.3600,33.5900,34.1300,9150260,0
20131115,34.0800,34.4000,34.0000,34.1900,6799286,0
20131118,34.1200,34.2800,33.5000,33.7500,9341631,0
20131119,33.6700,33.8200,33.1700,33.2600,10240342,0
20131120,33.3000,33.4700,32.9600,33.1200,8472333,0
20131121,33.1800,33.5100,33.0900,33.2600,7756516,0
20131122,33.4600,33.5100,33.2650,33.4000,6807685,0
20131125,33.4700,33.6400,33.1500,33.2000,5188072,0
20131126,32.8800,33.4400,32.8800,33.2000,9733944,0
20131127,33.3200,33.5500,33.0200,33.5000,7395977,0
20131129,33.4000,33.8000,33.2800,33.4900,4682825,0
20131202,33.5200,33.7800,33.4600,33.5300,8761302,0
20131203,33.3000,33.5900,32.9600,33.2200,8163432,0
20131204,32.9500,33.3100,32.7500,32.9100,12452039,0
20131205,32.8700,32.9800,32.5550,32.7400,9825388,0
20131206,33.3000,33.4400,32.7550,33.1400,8539847,0
20131209,33.3600,33.4000,33.0000,33.1000,7482902,0
20131210,32.8900,33.3400,32.8900,33.1600,7970072,0
20131211,33.1800,33.2900,32.6200,32.6900,8317208,0
20131212,32.4100,32.8200,32.2500,32.6600,9808021,0
20131213,32.7200,33.1600,32.4300,32.9300,8010398,0
20131216,33.1800,33.2500,32.7700,32.8400,8304923,0
20131217,32.9900,32.9900,32.4400,32.8600,9767274,0
20131218,33.0600,33.5100,32.6500,33.4600,13813625,0
20131219,33.5000,34.0700,33.3200,33.9700,14154024,0
20131220,34.0900,34.5600,33.9800,34.2800,17587044,0
20131223,34.5000,34.6000,34.2400,34.5900,6509056,0
20131224,34.5900,34.8000,34.3450,34.7900,2703513,0
20131226,34.7700,35.0400,34.5600,34.9800,5391917,0
20131227,35.0700,35.1350,34.8600,34.9600,4767883,0
20131230,34.5700,35.2300,34.5100,35.0200,7514121,0
20131231,35.0000,35.2100,34.9950,35.1700,6445074,0
20140102,35.4700,35.7500,35.2700,35.6300,10566236,0
20140103,35.5000,35.7500,35.1600,35.2000,6093648,0
20140106,35.3100,35.4150,34.7900,34.8000,10323756,0
20140107,34.9700,35.2500,34.8400,34.9700,5230074,0
20140108,34.8600,34.9100,34.2950,34.3900,7792691,0
20140109,33.9700,34.0900,33.1900,33.5000,24994252,0
20140110,33.4000,33.5200,32.9400,33.4600,19020657,0
20140113,33.2200,33.4200,32.2500,32.3500,22289453,0
20140114,32.3500,32.4100,31.7600,32.3000,30006828,0
20140115,32.3500,32.9700,32.1500,32.6100,15726751,0
20140116,32.6100,32.7400,32.3830,32.4700,7630980,0
20140117,32.2300,32.4200,31.9500,32.0400,17604682,0
20140121,32.0600,32.0950,31.6800,31.9200,17125280,0
20140122,31.9300,32.3200,31.7500,32.0700,12942158,0
20140123,31.8700,32.0200,31.5550,31.7400,14249229,0
20140124,31.5100,31.5900,31.1800,31.2700,14669864,0
20140127,31.1700,31.4500,30.8600,31.0500,14957864,0
20140128,31.1400,31.5300,31.0200,31.2700,12491711,0
20140129,30.9800,31.3300,30.6700,30.7300,19122795,0
20140130,31.0600,32.3500,30.9200,32.0200,16855668,0
20140131,31.4100,32.1600,31.3900,31.8200,15373925,0
20140203,31.8000,32.0200,30.6900,30.8800,17355662,0
20140204,31.1100,31.8600,31.0000,31.5600,25008726,0
20140205,31.0400,31.8600,30.8300,31.7200,17511535,0
20140206,31.2800,32.9500,31.2500,32.1500,18286467,0
20140207,32.3100,32.4500,31.8800,32.2400,12329112,0
20140210,32.1500,32.3200,31.8900,32.1500,10122306,0
20140211,31.9300,32.3400,31.9100,32.1500,10016329,0
20140212,32.0500,32.6700,32.0500,32.5700,17994622,0
20140213,32.4700,32.8200,32.2100,32.2400,12513658,0
20140214,31.8100,32.7800,31.8100,32.5900,9080977,0
20140218,32.6400,33.2300,32.6400,33.0300,12747242,0
20140219,32.8500,33.0800,32.7400,32.7700,9363255,0
20140220,32.9300,32.9300,32.5800,32.6700,9529583,0
20140221,32.6400,33.0400,32.5600,32.9400,8824731,0
20140224,32.9275,33.6100,32.9275,33.1700,11626925,0
20140225,33.1900,33.4700,33.0800,33.1900,7429864,0
20140226,33.1600,33.3200,32.7700,32.8300,9023551,0
20140227,32.7000,33.1200,32.6800,33.0400,6639153,0
20140228,33.2400,33.6200,33.0900,33.5400,10978609,0
20140303,33.3600,33.5300,32.8550,33.0600,7198381,0
20140304,33.3600,33.8600,33.2600,33.7900,11657750,0
20140305,34.0000,34.3200,33.7400,33.9400,10496222,0
20140306,34.0800,34.6500,33.9300,34.3400,17183126,0
20140307,34.5600,34.7000,33.8400,33.9100,10676158,0
20140310,33.8200,33.9500,33.4500,33.6900,5675755,0
20140311,33.6700,33.7200,32.8200,32.9700,11386143,0
20140312,33.0000,33.0700,32.5900,32.6900,11890558,0
20140313,32.7000,32.8700,32.0100,32.1100,11606039,0
20140314,31.9900,32.4200,31.9800,32.2900,7004922,0
20140317,32.6000,32.7500,32.3300,32.3900,9912140,0
20140318,32.5400,33.1400,32.2500,33.0600,11014643,0
20140319,32.7900,33.2100,32.7700,33.0000,10402258,0
20140320,32.6700,33.0100,32.5400,32.7500,11462187,0
20140321,33.3400,33.4900,32.6000,32.7300,17426218,0
20140324,32.7100,32.8099,32.1200,32.2700,9298364,0
20140325,32.3200,32.7100,32.2000,32.5100,11987494,0
20140326,32.5300,32.9100,32.0600,32.0700,12702590,0
20140327,31.9800,32.2200,31.5700,31.6700,15487278,0
20140328,31.8200,31.9000,31.3300,31.6100,14028917,0
20140331,31.6700,32.1500,31.6700,31.9700,10360282,0
20140401,32.1700,33.0700,32.1050,33.0400,17682070,0
20140402,32.9400,33.7400,32.8300,33.5900,17776269,0
20140403,33.7500,34.1500,33.4600,33.7400,16297569,0
20140404,34.0100,34.0900,32.8250,32.8700,17801796,0
20140407,32.7400,32.8300,31.3900,32.0000,24592089,0
20140408,31.7500,32.5600,31.5500,32.3600,12733360,0
20140409,32.3700,33.1650,32.2900,33.1200,14279506,0
20140410,33.1300,33.2400,32.2700,32.4300,16137440,0
20140411,32.1500,32.3000,31.6000,31.9100,16579451,0
20140414,32.1000,32.1999,31.6600,31.8900,12065745,0
20140415,31.9300,32.0800,31.1900,31.6500,12257277,0
20140416,31.8400,32.2800,31.7900,32.2800,11259182,0
20140417,32.1500,32.6900,31.9900,32.5200,13400700,0
20140421,32.7300,32.7500,32.1700,32.5900,7114436,0
20140422,32.6000,33.1300,32.6000,32.8000,10747289,0
20140423,32.7500,32.9900,32.5500,32.7200,11420014,0
20140424,32.8500,32.9500,32.5700,32.8800,9425596,0
20140425,32.6900,32.8400,32.5250,32.6400,10595068,0
20140428,32.6950,32.8900,31.4000,31.7800,16278503,0
20140429,32.0100,32.0800,31.5900,32.0100,9504900,0
20140430,31.9700,32.3200,31.5600,32.0200,14957127,0
20140501,32.0800,32.7100,31.9000,32.4700,11450817,0
20140502,32.6300,32.6900,32.2200,32.5200,7053707,0
20140505,32.4000,32.8700,32.1100,32.8200,5970067,0
20140506,32.6700,32.8700,32.3200,32.4100,7256663,0
20140507,32.1500,32.5800,31.8275,32.1200,15805782,0
20140508,32.9900,34.5800,32.8500,34.2200,27190621,0
20140509,34.2400,34.2400,33.4200,34.1500,15334214,0
20140512,34.4800,35.5900,34.3000,35.1900,19873639,0
20140513,35.1900,35.3000,34.8000,34.9000,9980055,0
20140514,34.7700,34.8800,34.2100,34.2800,7728297,0
20140515,34.2200,34.2800,33.2800,34.0200,12731939,0
20140516,34.0600,34.2800,33.5800,34.0700,9075087,0
20140519,33.8900,34.2700,33.8500,34.1200,6136159,0
20140520,34.3000,34.4400,33.9500,34.0900,9397749,0
20140521,34.1200,34.6600,34.1200,34.5500,6352742,0
20140522,34.5000,34.7600,34.3700,34.5300,6737822,0
20140523,34.5000,34.9800,34.4400,34.9500,6743595,0
20140527,35.0500,35.2300,34.6200,34.7800,8811685,0
20140528,34.8600,35.2100,34.5900,35.1600,8587946,0
20140529,35.1500,35.5100,35.0900,35.5100,12966809,0
20140530,35.6400,35.6400,35.3100,35.4100,11803423,0
20140602,35.3800,35.5900,35.3200,35.5400,7077100,0
20140603,35.3500,35.6000,35.2650,35.3900,7042677,0
20140604,35.3500,35.6400,35.1900,35.5000,8064129,0
20140605,35.6100,36.1100,35.3700,36.0900,9049595,0
20140606,36.3200,36.3200,35.8100,36.0400,6831304,0
20140609,36.0500,36.4300,36.0400,36.2100,8477679,0
20140610,36.0400,36.2100,35.8300,36.0800,14554345,0
20140611,35.9000,36.2200,35.8900,36.1200,11484299,0
20140612,36.0100,36.0550,35.2900,35.4100,13276657,0
20140613,35.4400,35.6400,34.9700,35.5200,9355960,0
20140616,35.2600,35.9800,35.0200,35.7300,9526596,0
20140617,35.5500,35.9050,35.4700,35.5100,9015240,0
20140618,35.6100,35.6100,35.2400,35.3700,12177509,0
20140619,35.5000,35.6300,35.1400,35.3700,7488344,0
20140620,35.2800,35.3500,34.4800,34.5400,19893061,0
20140623,34.6000,34.7800,34.3400,34.3400,8953732,0
20140624,34.3300,34.6000,34.1300,34.2100,12114798,0
20140625,34.2100,35.0600,33.9900,34.8800,26365817,0
20140626,34.7800,35.2725,34.5200,35.1500,9830124,0
20140627,35.0700,35.5500,34.6000,35.2500,11941594,0
20140630,35.3100,35.6100,35.1200,35.1500,10069672,0
20140701,34.2600,35.4500,34.1700,35.3000,9278124,0
20140702,35.1900,35.7800,35.1700,35.7000,7604011,0
20140703,35.7400,36.2100,35.5800,36.2100,6587531,0
20140707,36.0600,36.1400,35.6200,35.6900,5798148,0
20140708,35.6700,35.7700,34.9700,35.1000,10657558,0
20140709,35.1800,35.9758,35.1500,35.9100,9860547,0
20140710,35.4550,35.9000,35.2200,35.7100,5863400,0
20140711,35.7300,35.8800,35.2900,35.6400,9939675,0
20140714,35.7500,35.9300,35.4900,35.5400,5590613,0
20140715,35.4600,35.5400,34.8300,35.1900,9508983,0
20140716,35.2500,35.2900,32.6900,33.0000,84957067,0
20140717,32.9900,33.3100,32.6800,32.7700,36535827,0
20140718,33.0500,33.1400,32.5800,33.0100,25581867,0
20140721,32.9000,33.1500,32.7400,32.8900,16550111,0
20140722,33.0800,33.4700,32.8900,33.3400,15124306,0
20140723,33.0800,33.1800,32.5600,32.7000,23547498,0
20140724,32.6800,33.0100,32.6200,32.9200,23284781,0
20140725,33.4700,33.4900,32.7800,32.8100,17691963,0
20140728,32.8300,32.9300,32.4200,32.4600,16936255,0
20140729,32.5600,32.6400,32.1500,32.1500,15071166,0
20140730,32.2500,32.5250,31.9350,32.0000,25770790,0
20140731,31.8900,32.2700,31.6700,31.6700,21066070,0
20140801,31.7100,32.0800,31.5300,31.9400,15734233,0
20140804,31.9200,32.0800,31.5000,31.5200,17181511,0
20140805,31.4700,31.7767,31.2700,31.3000,19386176,0
20140806,33.2000,33.2500,32.2000,32.3300,47040215,0
20140807,34.5100,34.9250,33.6900,33.9600,37054956,0
20140808,33.7100,34.4050,33.7000,34.3700,17806994,0
20140811,34.5200,34.9800,34.1600,34.7700,18237866,0
20140812,34.6900,35.2550,34.5900,35.1100,16306917,0
20140813,35.1100,35.4500,35.0200,35.4000,14428542,0
20140814,35.2900,35.8100,35.2900,35.7600,13418574,0
20140815,36.0100,36.1100,35.6800,35.8600,17032574,0
20140818,36.0000,36.2400,35.7800,35.9700,9700141,0
20140819,35.9500,36.0400,35.6300,35.8900,8347110,0
20140820,36.0800,36.0800,35.5800,35.6700,8908522,0
20140821,35.6700,35.8500,35.4800,35.7300,7470396,0
20140822,35.8100,35.9150,35.5100,35.6900,5902983,0
20140825,35.7900,35.9500,35.4200,35.5600,5759016,0
20140826,35.5700,35.7800,35.4700,35.5600,5968279,0
20140827,35.5300,35.8500,35.4700,35.8500,5696957,0
20140828,35.6300,35.8100,35.5700,35.6000,6650230,0
20140829,35.7700,35.7700,35.2600,35.4200,8550754,0
20140902,35.3900,35.9900,35.3900,35.9300,7915718,0
20140903,36.0000,36.3400,35.8600,36.3000,10881811,0
20140904,36.2700,36.5600,36.1000,36.1300,10104882,0
20140905,35.8300,36.3300,35.8300,36.1500,8403024,0
20140908,35.9000,36.3600,35.8300,35.8800,13240552,0
20140909,35.7600,35.8900,35.4700,35.6700,8274351,0
20140910,35.5900,35.7100,35.3600,35.5550,6557502,0
20140911,34.8300,35.8200,34.8300,35.3000,12374923,0
20140912,35.3400,35.4000,34.9600,35.0500,10183172,0
20140915,34.9500,35.0700,34.5350,34.9100,9176304,0
20140916,34.8800,35.0800,34.5900,34.7500,11082991,0
20140917,34.7900,34.9200,34.5100,34.6500,13130467,0
20140918,34.6400,34.9400,34.6200,34.9100,6497220,0
20140919,34.6300,35.4600,34.6300,35.1500,19858714,0
20140922,35.0000,35.0800,34.3800,34.5200,14726426,0
20140923,34.4600,34.5700,34.2100,34.2200,9985627,0
20140924,34.1500,34.5400,34.0700,34.4900,7938241,0
20140925,34.4200,34.6000,33.7300,33.7400,11612151,0
20140926,33.6200,34.5000,33.6200,34.4400,10598498,0
20140929,34.2500,34.5100,34.0200,34.1500,12666014,0
20140930,34.1100,34.6200,34.1100,34.2900,9112444,0
20141001,34.2500,34.3150,33.6300,33.7000,10749312,0
20141002,33.6500,33.8200,32.5200,33.4100,24594628,0
20141003,33.5200,34.1800,33.3700,34.0700,13131774,0
20141006,34.1400,34.2500,33.9500,34.1100,11144986,0
20141007,33.8100,34.0600,33.6500,33.6500,9251798,0
20141008,33.5000,34.2200,33.3700,34.1100,14870837,0
20141009,34.0400,34.2000,33.0400,33.1100,16590240,0
20141010,33.1400,33.4900,32.3500,32.4300,21303338,0
20141013,32.1700,32.6800,31.7800,31.8200,20932994,0
20141014,32.1800,32.4700,31.8800,31.9000,10915197,0
20141015,31.4700,32.3400,31.0150,31.7700,18016361,0
20141016,31.1600,32.7200,31.0100,32.5000,19178663,0
20141017,32.6500,33.0700,32.5800,32.7000,11965530,0
20141020,33.2400,33.2400,32.5300,33.0400,13299424,0
20141021,33.1101,33.7600,32.9800,33.6700,13282934,0
20141022,33.6900,33.7100,32.6000,32.7500,16542689,0
20141023,33.7200,33.7200,33.1700,33.5400,14097692,0
20141024,33.6500,33.6800,33.2700,33.3500,11407689,0
20141027,33.2500,33.7800,33.2000,33.7700,9535492,0
20141028,33.8100,34.3200,33.8100,34.3100,8695844,0
20141029,34.3400,34.6000,34.1400,34.3500,13788449,0
20141030,34.1600,34.6100,34.0600,34.5600,10184920,0
20141031,36.0200,36.0200,34.3300,34.4800,11012279,0
20141103,34.4100,34.9300,34.0750,34.3500,9590426,0
20141104,34.1500,34.1600,32.4900,33.3300,25630094,0
20141105,34.3600,34.8400,33.9400,34.8400,23411657,0
20141106,35.2100,35.3100,34.6900,35.3100,11834284,0
20141107,35.2900,35.2900,34.4400,34.6100,8442802,0
20141110,34.5200,34.7900,34.3900,34.7400,12671357,0
20141111,34.6200,34.9600,34.5700,34.9300,10866693,0
20141112,34.7000,34.9300,34.5400,34.6400,7398210,0
20141113,34.6600,35.0500,34.6600,34.9900,8030731,0
20141114,35.0700,35.1900,34.7200,35.1100,7028741,0
20141117,35.1200,35.4500,35.0000,35.3400,7260660,0
20141118,35.2900,35.4100,34.9450,35.3000,9026584,0
20141119,35.1000,35.4100,34.8800,35.0100,7861725,0
20141120,34.7800,35.1100,34.5250,35.0600,7329995,0
20141121,35.5500,35.5500,34.9500,35.2050,10566124,0
20141124,35.2600,35.7600,35.1300,35.7500,11622026,0
20141125,35.9200,36.6500,35.8100,36.5600,15602176,0
20141126,36.5500,36.5950,36.2400,36.3200,7552233,0
20141128,36.8600,36.8700,36.4000,36.8000,2922189,0
20141201,36.7500,37.2900,36.3900,37.2800,14835712,0
20141202,37.2700,37.5400,37.1200,37.1900,9862477,0
20141203,37.2200,37.4300,36.9800,37.2500,9415809,0
20141204,37.1500,37.7900,37.1100,37.6300,13080937,0
20141205,37.7000,37.9500,37.4100,37.8100,10284953,0
20141208,37.8400,38.0800,37.3500,37.3900,9033292,0
20141209,37.0200,37.2500,36.7100,37.1100,8263271,0
20141210,37.0300,37.2000,36.8500,36.9900,10219589,0
20141211,37.8200,37.8200,36.9300,37.1150,7287541,0
20141212,36.5700,37.3000,36.4700,36.9000,11232654,0
20141215,36.9900,37.0800,36.4700,36.5000,14177662,0
20141216,36.8400,37.1300,36.2000,36.2100,12181895,0
20141217,36.4800,37.3950,36.3100,37.2300,10441603,0
20141218,37.5300,37.8250,37.3300,37.7500,15219586,0
20141219,37.8400,38.5900,37.7300,38.5100,20700250,0
20141222,38.4800,38.9900,38.4600,38.9700,7749437,0
20141223,39.0300,39.2700,38.6900,38.7400,8877012,0
20141224,38.9500,38.9900,38.7100,38.7100,2998879,0
20141226,38.7400,38.9800,38.7100,38.8900,3524858,0
20141229,38.7300,39.1500,38.7300,39.0100,4709623,0
20141230,38.7700,38.9500,38.4500,38.6750,5123608,0
20141231,38.8800,39.0200,38.4000,38.4050,6150583,0
20150102,38.7000,38.7000,37.6600,37.8500,7309431,0
20150105,37.7300,37.8400,37.0500,37.0800,7739220,0
20150106,37.1200,37.2300,36.4350,36.6200,7087522,0
20150107,36.7400,36.7900,34.9900,35.3150,25828627,0
20150108,35.4700,35.9150,35.3200,35.6800,14098919,0
20150109,35.6600,35.8500,35.3600,35.3800,8290046,0
20150112,35.5000,35.6000,34.8050,35.3800,10224556,0
20150113,35.6000,36.1600,34.9200,35.1300,11385736,0
20150114,34.6600,35.1600,34.5100,34.8600,7673986,0
20150115,34.9900,35.2000,34.4700,34.5900,7858517,0
20150116,34.5000,35.0800,34.4900,34.9400,11315372,0
20150120,35.1500,35.2200,33.9500,34.1150,12818537,0
20150121,34.1600,34.1600,33.6550,33.9100,12419696,0
20150122,34.1000,34.6500,33.8300,34.5600,12173055,0
20150123,33.9500,34.8000,33.9500,34.2900,9072151,0
20150126,34.4000,34.5700,33.9300,34.5400,6765723,0
20150127,34.2100,34.5300,34.0400,34.1600,7098159,0
20150128,34.2100,34.3150,33.5300,33.5600,7774210,0
20150129,33.6600,34.0650,33.1800,33.8550,8196510,0
20150130,33.5900,33.7300,33.0800,33.1600,12717640,0
20150202,33.2400,33.8100,32.8800,33.7700,12463916,0
20150203,34.0400,34.6300,33.8600,34.6050,11889725,0
20150204,34.5900,35.0900,34.1501,34.6600,20870287,0
20150205,32.8000,33.1500,32.5400,32.8000,34718171,0
20150206,32.8800,33.8400,32.7200,33.5800,15746267,0
20150209,33.5100,34.1300,33.4300,34.0500,17197245,0
20150210,34.2000,34.6100,33.8800,34.4600,12281790,0
20150211,34.4200,34.8290,34.2100,34.8150,11120791,0
20150212,34.9400,34.9900,34.2000,34.4100,16168337,0
20150213,34.4500,34.9200,34.3300,34.7150,11135580,0
20150217,34.6800,35.0600,34.4500,35.0600,12192206,0
20150218,35.2000,35.3500,34.4700,34.6600,11579953,0
20150219,34.6500,34.8700,34.4600,34.8000,8856649,0
20150220,34.8900,35.3100,34.5300,35.3000,12126771,0
20150223,35.2400,35.3800,34.9900,35.3650,11700966,0
20150224,35.3800,35.5700,35.2000,35.2400,14119640,0
20150225,35.1400,35.5050,34.8900,34.9000,15943976,0
20150226,34.7800,34.8860,34.5500,34.8150,13777222,0
20150227,34.8800,35.0500,34.6200,35.0000,17736692,0
20150302,35.0000,35.2200,34.9500,35.1550,9873184,0
20150303,34.9700,35.6600,34.9600,35.6400,15259566,0
20150304,35.5800,35.6000,34.6600,34.9700,20790252,0
20150305,35.2600,35.2600,34.8600,34.8700,10603623,0
20150306,34.7300,34.9400,34.4300,34.4950,10097469,0
20150309,34.5000,34.7900,34.4200,34.7200,8181020,0
20150310,34.4000,34.5800,34.0800,34.2900,13536467,0
20150311,34.2500,34.3950,33.9400,34.1900,10664917,0
20150312,34.3700,34.6500,34.2400,34.5750,10799658,0
20150313,34.5000,34.6400,33.5800,34.0200,14861474,0
20150316,34.2300,34.5500,34.0600,34.3500,7861453,0
20150317,34.1400,34.1500,33.7800,33.8700,14635151,0
20150318,33.8800,34.9900,33.8000,34.9200,15418302,0
20150319,35.0000,35.1150,34.4600,34.4600,10784122,0
20150320,34.7800,35.5300,34.5500,35.3000,16811007,0
20150323,35.2400,35.8500,35.2000,35.5500,10538178,0
20150324,35.5600,35.6600,35.0500,35.0700,9652822,0
20150325,34.9500,35.1300,34.1900,34.2600,13718559,0
20150326,33.9300,34.1450,33.7200,33.9400,11008427,0
20150327,33.8500,34.1600,33.6800,33.7000,7682835,0
20150330,33.8800,34.5100,33.7800,34.2600,10223573,0
20150331,34.4100,34.5300,33.7600,33.8400,11856005,0
20150401,33.8300,34.0500,33.1900,33.5800,13727771,0
20150402,33.6600,34.1700,33.5100,34.0400,7984564,0
20150406,33.8200,34.5600,33.7500,34.4400,8859047,0
20150407,34.4000,34.6100,34.1200,34.2450,11057806,0
20150408,34.8300,34.8300,33.8650,34.1250,11616042,0
20150409,34.1700,34.5000,34.0100,34.3600,8835774,0
20150410,34.4800,34.4900,34.1550,34.3400,8734371,0
20150413,34.4200,34.4600,33.9915,34.0600,9676739,0
20150414,33.9500,34.2800,33.7300,34.1100,9960609,0
20150415,34.1400,34.4500,33.9800,34.0400,11624462,0
20150416,33.9600,34.1900,33.8900,33.9950,7892039,0
20150417,33.6100,33.7200,33.2500,33.4300,12844276,0
20150420,33.6100,34.1450,33.6100,33.9400,7164003,0
20150421,33.9400,34.2200,33.8300,33.9500,9225405,0
20150422,33.9800,34.1900,33.6950,34.0400,8991546,0
20150423,33.8800,34.5700,33.8500,34.3450,9393460,0
20150424,34.3800,34.6500,34.0300,34.6500,5934874,0
20150427,34.6000,34.9850,34.4800,34.5100,6075087,0
20150428,34.5000,34.6900,34.3300,34.5300,6190167,0
20150429,34.3300,35.1500,34.3100,34.6200,13972582,0
20150430,34.5000,34.6950,33.8700,34.0800,12556597,0
20150501,34.1500,34.6350,34.0900,34.5000,6818492,0
20150504,34.6700,34.6750,34.1900,34.4700,7816697,0
20150505,34.4900,34.5700,33.9000,33.9200,12339560,0
20150506,33.9700,34.0700,33.4750,33.6800,17387301,0
20150507,33.3500,33.3600,32.3400,32.7800,51665623,0
20150508,33.0000,33.1300,32.7450,32.7900,21791838,0
20150511,32.7900,33.0300,32.7600,32.7900,13927815,0
20150512,32.6400,32.8400,32.3800,32.6050,12600617,0
20150513,32.6600,33.0300,32.6200,32.9200,10958715,0
20150514,33.1300,33.3400,33.0400,33.3300,9918623,0
20150515,33.3900,34.0000,33.3501,33.9900,16791412,0
20150518,33.9100,34.2150,33.6650,33.6800,10805496,0
20150519,34.0200,34.5600,33.9700,34.3600,17707218,0
20150520,34.3600,34.6900,34.2000,34.5600,12106585,0
20150521,34.4800,34.8310,34.4800,34.6100,8525294,0
20150522,34.5400,34.6300,34.1500,34.2500,9458731,0
20150526,34.2600,34.2900,33.7400,33.9500,10724667,0
20150527,33.9900,34.2600,33.8700,34.1550,9677136,0
20150528,34.0600,34.0900,33.7550,33.9600,10526988,0
20150529,33.8400,33.9700,33.4600,33.6000,14879020,0
20150601,33.7900,33.8600,33.3750,33.5800,12607135,0
20150602,33.3600,33.8250,33.3600,33.4050,13157801,0
20150603,33.7600,33.7780,33.3800,33.6350,11069371,0
20150604,33.3300,33.7300,33.2000,33.5700,12526117,0
20150605,33.4900,33.5900,32.9800,33.3000,10826875,0
20150608,33.2600,33.3000,32.9700,33.0700,9259665,0
20150609,32.9900,33.1000,32.7400,32.8050,16389027,0
20150610,32.9500,33.2400,32.8100,32.9600,12585450,0
20150611,33.0100,33.1900,32.5300,32.9000,14035410,0
20150612,32.8000,32.8400,32.5600,32.6950,8247950,0
20150615,32.3100,32.5400,32.1400,32.4600,12740461,0
20150616,32.4800,32.5500,32.1700,32.2600,9708108,0
20150617,32.3800,32.7900,32.2200,32.6900,14312836,0
20150618,32.8000,33.0900,32.6800,33.0200,12203512,0
20150619,32.9900,33.3200,32.8100,32.9100,21105271,0
20150622,33.1200,33.4900,33.1200,33.2700,8493104,0
20150623,33.2500,33.4700,33.2000,33.4200,8877877,0
20150624,33.2600,33.3500,32.9500,32.9800,10095664,0
20150625,33.0300,33.2600,32.9400,32.9600,7864747,0
20150626,33.0000,33.4500,32.9300,32.9400,21428397,0
20150629,32.7800,32.9450,32.2200,32.2950,12595528,0
20150630,32.6200,32.9100,32.3600,32.5450,13771222,0
20150701,32.7700,33.0200,32.5750,32.6000,9868166,0
20150702,32.6600,32.9000,32.3300,32.3600,9491884,0
20150706,32.1400,32.8100,32.0500,32.5700,10678619,0
20150707,32.6300,32.7300,32.0114,32.6800,9900349,0
20150708,32.4200,32.7000,32.1700,32.2200,9554317,0
20150709,32.5200,32.7500,32.4400,32.4800,9469185,0
20150710,32.7700,33.2800,32.7600,33.1050,8740993,0
20150713,33.3100,33.7700,33.2900,33.6700,6459290,0
20150714,33.7200,33.8900,33.5900,33.6600,6316008,0
20150715,33.6100,34.0400,33.5900,33.9300,7142447,0
20150716,34.1800,34.2700,34.0500,34.2500,5627164,0
20150717,34.0200,34.2700,33.4450,33.9900,10183437,0
20150720,33.7100,33.9500,33.5000,33.8400,6482766,0
20150721,33.8500,33.9500,33.4800,33.5100,6528664,0
20150722,33.8700,33.9900,33.5100,33.6900,5101858,0
20150723,33.5500,33.6500,33.0400,33.2300,7677566,0
20150724,33.2400,33.8000,33.2300,33.6600,12509848,0
20150727,33.6700,33.8500,33.0700,33.1700,8416488,0
20150728,33.2500,33.6900,33.0700,33.6300,9716726,0
20150729,33.3900,34.0700,33.3900,34.0100,9554220,0
20150730,34.0000,34.3850,33.6850,34.0400,20770797,0
20150731,34.3100,34.6400,34.1300,34.4900,20817797,0
20150803,34.6200,34.6200,34.1900,34.3800,10950788,0
20150804,34.4200,34.7000,34.1650,34.3300,10176838,0
20150805,33.3200,33.4100,31.5200,31.9200,50260969,0
20150806,29.8500,30.1500,27.5600,29.8700,88517147,0
20150807,29.6100,30.7900,29.6100,30.6900,28948356,0
20150810,30.8700,31.1000,30.4500,30.6600,25017377,0
20150811,30.5500,30.6200,29.8650,30.0500,25451398,0
20150812,29.9200,30.1600,29.6200,30.0800,22360591,0
20150813,30.0400,30.2400,29.8000,30.1200,18221234,0
20150814,30.0200,30.3500,29.8500,30.2700,18007041,0
20150817,30.0100,30.5850,29.8600,30.5300,10320229,0
20150818,30.2200,30.5350,30.0650,30.1900,17284546,0
20150819,30.0800,30.1200,29.9000,29.9600,20618835,0
20150820,29.6300,29.7000,28.6700,28.7000,23371565,0
20150821,28.3400,28.5700,27.9400,27.9400,21887745,0
20150824,24.8200,27.6050,22.8100,26.6600,26313477,0
20150825,27.2600,27.5100,26.7300,26.7300,27657044,0
20150826,27.2900,27.3700,26.5950,27.3400,23109969,0
20150827,27.6300,28.1200,27.1300,27.8000,26577939,0
20150828,27.4800,28.0100,27.3150,27.9200,11771141,0
20150831,27.7000,27.7900,27.3250,27.3900,15009121,0
20150901,26.7900,27.1000,26.4000,26.6000,20919341,0
20150902,26.8400,26.9500,26.3700,26.9500,11448658,0
20150903,27.0400,27.3600,26.7500,26.8700,13060601,0
20150904,26.3000,26.7100,26.1600,26.4700,12699624,0
20150908,26.8600,27.1300,26.7000,27.0500,12034682,0
20150909,27.2700,27.4831,26.4125,26.4800,13356816,0
20150910,25.2900,26.8100,25.2900,26.5100,11334534,0
20150911,26.4600,26.4900,25.9900,26.4500,9005180,0
20150914,26.5400,26.5400,26.0900,26.3200,12238476,0
20150915,26.6100,26.6500,26.2000,26.5700,12752742,0
20150916,26.4600,26.8500,26.4300,26.7400,13040603,0
20150917,26.8200,27.1900,26.6200,26.7800,17320638,0
20150918,26.4700,26.7500,26.2200,26.3100,63749914,0
20150921,26.4300,26.6500,26.1730,26.4500,18958913,0
20150922,26.5200,26.5200,25.9200,26.3500,12956300,0
20150923,26.4100,26.4800,26.1600,26.2800,10020859,0
20150924,26.1300,26.2900,25.7550,25.9500,17876122,0
20150925,26.0600,26.0700,25.5500,25.7300,13703569,0
20150928,25.7000,25.7500,25.1500,25.1900,13372750,0
20150929,25.4700,25.8300,25.1700,25.8000,27211624,0
20150930,25.9800,27.0200,25.9200,26.9800,25013406,0
20151001,27.0800,27.2900,26.8250,27.2000,20582320,0
20151002,26.8800,28.0600,26.7100,28.0400,17919060,0
20151005,28.2900,28.6800,28.1800,28.3500,12509567,0
20151006,28.0300,28.4800,28.0300,28.1600,12586534,0
20151007,28.4800,28.6389,27.9700,28.2000,18852246,0
20151008,28.0900,28.6700,27.9500,28.5700,12174722,0
20151009,28.6400,28.9900,28.3100,28.6800,8533651,0
20151012,28.6100,28.7200,28.4150,28.6700,5590641,0
20151013,28.3800,29.0100,28.3800,28.7000,7390576,0
20151014,28.6200,28.9200,28.4900,28.5500,7005169,0
20151015,28.7900,29.3000,28.4600,29.2600,10738115,0
20151016,29.3800,29.5200,28.9900,29.4800,11836227,0
20151019,29.4300,29.5250,29.2100,29.4800,7021823,0
20151020,29.4900,29.6900,29.4000,29.5700,9469710,0
20151021,29.7300,29.8300,29.2100,29.2400,8055684,0
20151022,29.2900,29.8800,29.2900,29.7900,10081538,0
20151023,30.1300,30.2400,29.8000,30.1100,8193873,0
20151026,30.0200,30.2400,29.8600,30.2300,8324683,0
20151027,30.2100,30.2400,29.7000,29.9500,8448940,0
20151028,30.0400,30.1900,29.6400,30.1300,13205044,0
20151029,30.0200,30.7600,29.9800,30.4050,12498556,0
20151030,30.4000,30.7700,30.1950,30.6900,13084783,0
20151102,30.7000,31.0500,30.5975,30.8600,10419617,0
20151103,30.9200,31.3950,30.9050,31.2800,11393609,0
20151104,31.0400,31.1800,28.0350,29.6500,38613033,0
20151105,29.5300,29.6900,29.1201,29.5900,19107600,0
20151106,29.5800,29.9150,29.4950,29.8300,9160753,0
20151109,29.7800,29.8000,29.1450,29.4900,8107081,0
20151110,29.5300,30.1200,29.3500,30.0800,8775434,0
20151111,30.1800,30.4500,29.7700,30.0200,8858325,0
20151112,29.9300,30.2700,29.7500,30.0200,8319059,0
20151113,29.9300,30.0700,29.5300,29.6900,10400442,0
20151116,29.7600,30.3900,29.6800,30.3000,7071905,0
20151117,30.2600,30.3600,29.9100,30.1800,7049638,0
20151118,30.1400,30.3350,29.7500,30.3000,14184663,0
20151119,30.1300,30.2300,29.7900,29.9500,9139601,0
20151120,30.1400,30.1600,29.8600,30.0700,10022568,0
20151123,30.0600,30.2400,29.8600,29.9800,8167604,0
20151124,29.8200,29.9200,29.5200,29.8500,9131312,0
20151125,29.8200,29.9800,29.7050,29.9000,6674465,0
20151127,29.8600,29.8600,29.2800,29.5400,4465476,0
20151130,29.5600,29.7000,29.2500,29.5100,10376126,0
20151201,29.2800,29.8900,29.2800,29.7300,9151441,0
20151202,29.5600,29.7000,29.2200,29.3100,9201850,0
20151203,29.3100,29.4000,28.7675,29.0300,12669540,0
20151204,29.0900,29.5500,28.8975,29.3300,10812788,0
20151207,29.2600,29.3750,29.0000,29.3200,9030057,0
20151208,29.1000,29.2800,28.5525,28.7300,8244837,0
20151209,28.5700,28.5800,27.8200,28.1400,15110530,0
20151210,27.7700,28.4100,27.7700,28.2300,10171928,0
20151211,28.3500,28.3500,27.3850,27.4550,10482823,0
20151214,28.0500,28.0500,27.0350,27.2500,13274114,0
20151215,27.4700,27.8900,27.3200,27.3350,7668288,0
20151216,27.5900,27.9750,27.3100,27.8950,8319415,0
20151217,27.8800,28.0800,27.4700,27.4900,11637505,0
20151218,27.3200,27.4901,26.8000,27.1100,23950102,0
20151221,27.3000,27.4350,26.8600,27.0700,9922906,0
20151222,27.1700,27.4900,27.1350,27.3600,7470516,0
20151223,27.5000,27.7600,27.3200,27.4000,6578827,0
20151224,27.4900,27.7000,27.3000,27.4300,3874533,0
20151228,27.3200,27.6200,27.2200,27.4200,5043724,0
20151229,27.6000,27.8200,27.4800,27.5700,5609905,0
20151230,27.6100,27.6100,27.2200,27.3000,6036058,0
20151231,27.2000,27.4642,27.0700,27.1600,6315224,0
20160104,26.7200,26.7600,26.2950,26.5900,11202103,0
20160105,26.5200,26.7500,26.4400,26.5900,9115631,0
20160106,26.4900,27.0250,26.1700,26.7200,14052119,0
20160107,26.2300,26.5400,25.8800,25.8900,15167327,0
20160108,26.0700,26.3400,25.8300,25.8900,10893723,0
20160111,26.0500,26.1550,25.6150,25.8800,10122348,0
20160112,26.0400,26.5550,25.8700,26.4200,10793758,0
20160113,26.3500,26.6300,25.7600,25.8750,11641876,0
20160114,26.0000,27.0801,25.8650,26.5600,15106476,0
20160115,25.7600,26.3600,25.7200,26.1000,14131305,0
20160119,26.5400,26.7650,26.1000,26.3600,12085103,0
20160120,25.9600,26.1600,24.9400,25.6400,20863899,0
20160121,25.7300,25.9600,25.3900,25.5200,19734542,0
20160122,26.0100,26.4650,25.9550,26.3800,15647246,0
20160125,26.2400,26.3000,25.9700,26.0000,15640612,0
20160126,26.0800,26.9400,26.0800,26.9100,8944248,0
20160127,26.8800,27.3100,26.4750,26.5800,9333222,0
20160128,26.7900,26.9200,25.9700,26.1300,12906544,0
20160129,26.4600,27.0600,26.3300,26.9700,12647315,0
20160201,26.8400,27.1350,26.6550,26.9700,8153386,0
20160202,26.6000,26.6500,25.9550,26.0000,9797242,0
20160203,26.2400,26.6050,25.8700,26.4900,14807293,0
20160204,26.6200,27.0100,25.9500,26.0750,15365134,0
20160205,26.0300,26.3700,25.0000,25.0700,15824343,0
20160208,24.7600,24.8100,24.1000,24.5900,16505071,0
20160209,22.8800,24.7300,22.6600,24.1350,29404131,0
20160210,23.9000,25.1100,23.3800,24.3300,25122952,0
20160211,23.8500,24.9200,23.8500,24.6800,18509571,0
20160212,25.0300,25.1400,24.2100,24.5500,11854466,0
20160216,24.9300,25.6100,24.6700,25.6100,9028976,0
20160217,25.9900,26.7500,25.7200,26.4700,14298857,0
20160218,26.3900,26.5500,25.9500,26.4000,10522262,0
20160219,26.1500,26.7750,26.0600,26.6200,9989865,0
20160222,26.8300,27.6200,26.8300,27.3500,10856879,0
20160223,27.1500,27.4300,26.9250,26.9500,10347893,0
20160224,26.7100,27.3800,26.4500,27.3200,8151088,0
20160225,27.4800,27.4800,26.8650,27.3800,7587523,0
20160226,27.5000,27.6100,27.0700,27.0800,8086217,0
