DATE, OPEN, HIGH, LOW, CLOSE, VOL, p
20101118,35.00,35.99,33.89,34.19,458097672,0
20101119,34.15,34.50,33.11,34.26,107863195,0
20101122,34.20,34.48,33.81,34.08,36657284,0
20101123,33.95,33.99,33.19,33.25,31205498,0
20101124,33.73,33.80,33.22,33.48,26147933,0
20101126,33.41,33.81,33.21,33.80,12301247,0
20101129,33.80,33.81,33.07,33.80,27779596,0
20101130,33.53,34.25,33.36,34.20,57483406,0
20101201,34.65,34.95,34.42,34.78,34636722,0
20101202,34.92,34.98,34.51,34.68,23252038,0
20101203,34.55,34.60,33.97,34.55,19397100,0
20101206,34.48,34.78,34.41,34.48,11679340,0
20101207,34.75,34.89,34.46,34.68,20823723,0
20101208,34.61,34.73,34.33,34.45,12606033,0
20101209,34.36,34.43,33.62,33.74,18411071,0
20101210,33.85,33.99,33.53,33.81,11748583,0
20101213,33.96,34.05,33.70,33.80,11098315,0
20101214,33.73,33.92,33.45,33.89,15223980,0
20101215,33.81,34.01,33.61,33.61,10183633,0
20101216,33.57,33.86,33.56,33.61,9887417,0
20101217,33.53,34.00,33.19,34.00,35682190,0
20101220,33.91,34.05,33.74,33.76,12478176,0
20101221,33.86,33.94,33.72,33.85,9012935,0
20101222,33.72,34.95,33.53,34.92,20943971,0
20101223,34.67,35.52,34.62,34.81,20530860,0
20101227,34.41,34.89,34.19,34.60,7369560,0
20101228,35.38,35.67,35.07,35.32,23504027,0
20101229,35.47,36.30,35.25,36.02,20977863,0
20101230,36.10,36.98,36.02,36.82,16992775,0
20101231,36.84,36.96,36.57,36.86,6169578,0
20110103,37.32,38.00,37.03,37.06,24887527,0
20110104,37.10,37.99,36.68,37.90,32363335,0
20110105,37.47,38.30,37.47,38.07,22504710,0
20110106,38.24,39.48,38.07,38.90,38574796,0
20110107,38.84,39.33,38.51,38.98,19903435,0
20110110,39.34,39.36,38.44,38.56,18345001,0
20110111,38.66,39.43,38.51,38.75,14865842,0
20110112,38.95,39.37,38.37,38.62,16773869,0
20110113,38.66,38.71,38.11,38.27,11366756,0
20110114,38.18,38.47,38.04,38.20,5897150,0
20110118,38.05,38.33,37.32,38.03,8919038,0
20110119,37.78,37.93,37.26,37.40,12667643,0
20110120,37.11,37.29,36.27,37.18,15845623,0
20110121,37.33,37.85,36.82,37.24,9548691,0
20110124,37.71,37.86,37.03,37.64,12202831,0
20110125,37.85,38.49,37.71,38.40,12322634,0
20110126,38.75,38.91,37.86,37.89,11538199,0
20110127,38.20,38.95,38.03,38.67,13952195,0
20110128,38.00,38.02,36.01,36.60,37136046,0
20110131,36.89,37.05,35.89,36.49,13958195,0
20110201,36.93,37.23,36.13,36.45,28094539,0
20110202,36.46,36.56,35.58,35.68,17444689,0
20110203,35.97,36.06,35.13,36.06,19355848,0
20110204,36.25,36.73,35.89,36.59,11117733,0
20110207,36.95,37.09,36.61,36.70,7335115,0
20110208,36.97,37.05,36.40,36.89,6244440,0
20110209,36.82,36.91,36.28,36.41,6400798,0
20110210,36.17,36.64,35.52,35.88,11544935,0
20110211,35.76,36.57,35.55,36.45,13518261,0
20110214,36.55,36.56,35.47,36.29,7124095,0
20110215,36.19,36.41,35.80,36.11,10336657,0
20110216,36.11,36.84,36.02,36.75,8682405,0
20110217,36.55,36.70,36.30,36.37,7464253,0
20110218,36.42,36.76,36.38,36.51,6818766,0
20110222,35.86,36.15,35.45,35.77,13944804,0
20110223,35.85,35.94,33.80,34.59,28209336,0
20110224,34.90,35.00,32.05,33.02,63562771,0
20110225,33.67,34.20,33.05,33.25,29027035,0
20110228,33.49,33.74,32.86,33.53,15891493,0
20110301,33.69,33.75,32.43,32.95,27327979,0
20110302,32.90,33.17,32.59,32.88,14307499,0
20110303,33.03,33.17,32.65,33.03,17614922,0
20110304,33.07,33.08,32.01,32.39,24245673,0
20110307,32.35,32.50,31.52,31.70,15083555,0
20110308,31.74,32.82,31.69,32.72,14545020,0
20110309,32.74,32.76,32.10,32.25,11227891,0
20110310,31.47,31.78,30.95,31.42,38336483,0
20110311,31.25,32.06,31.24,31.93,14024947,0
20110314,32.14,32.30,31.43,31.59,9981420,0
20110315,30.98,32.49,30.65,32.35,21478013,0
20110316,32.42,32.53,31.40,31.78,14155590,0
20110317,32.18,32.39,31.33,31.44,11032104,0
20110318,31.74,31.95,31.42,31.85,9861402,0
20110321,32.24,32.30,31.23,31.28,13196480,0
20110322,31.28,31.35,30.51,30.74,16995716,0
20110323,30.60,31.28,30.20,31.16,23026191,0
20110324,31.32,31.60,31.24,31.39,15745465,0
20110325,31.49,31.70,31.09,31.47,15245007,0
20110328,31.58,31.58,30.85,30.85,10308110,0
20110329,30.93,31.17,30.68,31.10,9766596,0
20110330,31.16,31.64,31.04,31.55,7661526,0
20110331,31.40,31.55,31.00,31.03,8982434,0
20110401,31.39,32.63,30.84,32.41,29888893,0
20110404,32.50,32.72,32.20,32.39,12333931,0
20110405,32.32,32.87,32.10,32.87,10109655,0
20110406,33.00,33.28,32.52,32.87,8164883,0
20110407,32.84,32.84,32.07,32.31,11244420,0
20110408,32.40,32.75,31.33,31.52,16063592,0
20110411,31.34,31.45,30.55,30.77,15180947,0
20110412,30.40,31.34,30.10,31.15,19650404,0
20110413,31.23,31.32,30.59,30.86,13785356,0
20110414,30.65,30.86,30.35,30.58,9053502,0
20110415,30.59,30.72,30.18,30.24,9888002,0
20110418,30.06,30.34,29.90,29.97,12752025,0
20110419,29.81,29.91,29.17,29.59,19918670,0
20110420,29.76,30.38,29.42,29.93,22044900,0
20110421,30.05,31.00,30.01,30.95,18938068,0
20110425,31.00,31.19,30.32,31.14,15449210,0
20110426,31.39,31.51,30.96,31.27,15690043,0
20110427,31.47,31.79,31.28,31.78,14947256,0
20110428,31.76,32.10,31.48,31.91,15811274,0
20110429,31.99,32.58,31.91,32.09,13774596,0
20110502,32.41,32.50,31.92,32.18,11014733,0
20110503,32.38,33.20,32.36,32.99,29894823,0
20110504,33.16,33.47,32.71,33.04,20500097,0
20110505,32.06,32.68,31.49,32.02,26633965,0
20110506,32.50,32.60,31.84,31.91,12805391,0
20110509,31.74,32.06,31.36,31.39,10721229,0
20110510,31.47,31.64,31.33,31.61,7843448,0
20110511,31.57,31.86,31.11,31.30,9079393,0
20110512,31.07,31.60,30.93,31.42,14134286,0
20110513,31.46,31.54,30.85,31.07,10837515,0
20110516,31.25,31.50,31.08,31.10,7299433,0
20110517,31.06,31.38,30.83,31.10,11178541,0
20110518,31.07,31.62,31.00,31.52,9953760,0
20110519,31.53,31.79,31.31,31.47,9580975,0
20110520,31.36,31.50,31.10,31.18,7225376,0
20110523,30.68,31.16,30.50,30.96,8977518,0
20110524,31.13,31.20,30.50,30.83,8779514,0
20110525,30.56,31.38,30.50,31.27,14392391,0
20110526,31.08,31.10,30.52,30.68,12246763,0
20110527,30.77,31.48,30.59,31.28,9114591,0
20110531,31.44,31.87,31.13,31.81,22911763,0
20110601,31.70,31.70,30.15,30.23,19134780,0
20110602,30.33,30.56,29.40,29.60,22450750,0
20110603,29.28,29.56,28.90,29.12,21971533,0
20110606,29.02,29.41,28.55,28.56,13418857,0
20110607,28.89,29.04,28.39,28.78,15276191,0
20110608,28.52,29.34,28.40,28.86,16534816,0
20110609,29.20,29.58,28.91,29.45,13593826,0
20110610,29.30,29.30,28.65,28.85,11734336,0
20110613,28.90,29.08,28.29,28.59,9792670,0
20110614,28.92,29.49,28.86,29.11,10949283,0
20110615,28.77,29.11,28.64,28.95,11671173,0
20110616,28.70,28.99,28.17,28.59,14083501,0
20110617,28.73,29.06,28.57,29.00,16733519,0
20110620,28.87,29.59,28.77,29.52,9038339,0
20110621,29.51,30.00,29.43,29.59,12652184,0
20110622,29.62,30.18,29.50,29.97,15518441,0
20110623,29.53,30.20,29.32,30.14,13786010,0
20110624,30.15,30.30,29.66,29.92,50061453,0
20110627,29.79,30.46,29.60,30.26,15348817,0
20110628,30.21,30.79,30.18,30.50,12698388,0
20110629,30.79,30.79,30.25,30.30,12717000,0
20110630,30.30,30.56,30.22,30.36,18656096,0
20110701,30.35,30.86,29.92,30.58,18098050,0
20110705,30.87,31.36,30.58,30.86,8837220,0
20110706,31.37,31.68,31.09,31.19,14231629,0
20110707,31.79,32.08,31.65,31.80,13339489,0
20110708,31.25,31.70,31.16,31.58,9872679,0
20110711,30.98,31.20,30.55,30.75,8377620,0
20110712,30.24,30.94,30.02,30.68,10536792,0
20110713,30.87,31.30,30.61,30.75,8093403,0
20110714,30.85,30.97,30.03,30.10,10801543,0
20110715,30.39,30.62,29.51,29.76,10402145,0
20110718,29.57,29.65,28.62,29.10,13851051,0
20110719,29.20,29.49,28.76,29.33,10285224,0
20110720,29.45,29.48,29.05,29.24,6997862,0
20110721,29.39,30.02,29.16,29.96,12229666,0
20110722,29.97,30.29,29.88,30.10,7820074,0
20110725,29.53,29.84,29.39,29.50,8691408,0
20110726,29.67,29.70,28.96,29.09,9266975,0
20110727,28.90,29.00,28.03,28.14,14554749,0
20110728,28.22,28.90,28.02,28.10,11036024,0
20110729,27.62,28.10,27.31,27.68,12185408,0
20110801,28.88,28.88,27.70,28.07,12825592,0
20110802,27.75,28.09,27.02,27.05,18226135,0
20110803,27.03,27.17,26.13,27.17,15795368,0
20110804,27.16,27.20,25.71,25.99,38839436,0
20110805,26.07,26.46,24.49,26.31,34926073,0
20110808,24.61,25.35,23.79,24.57,32608646,0
20110809,25.09,25.56,24.00,25.54,26704594,0
20110810,24.66,25.00,23.83,23.92,20650826,0
20110811,24.11,26.17,24.11,25.81,25182990,0
20110812,26.30,26.50,25.49,25.75,18861545,0
20110815,26.03,26.54,25.79,26.42,12995802,0
20110816,26.22,26.69,25.69,25.83,10147368,0
20110817,26.00,26.09,24.90,24.94,12063013,0
20110818,23.99,24.08,23.27,23.60,15863991,0
20110819,23.25,23.44,21.71,22.16,34432821,0
20110822,22.54,22.72,21.18,21.71,27158690,0
20110823,21.78,22.06,21.21,22.06,20008390,0
20110824,21.89,22.39,21.57,22.37,14527338,0
20110825,22.49,22.74,22.10,22.30,11099867,0
20110826,22.20,23.08,21.80,22.87,10277995,0
20110829,23.30,23.96,23.27,23.79,10648685,0
20110830,23.46,23.74,23.05,23.58,8145485,0
20110831,23.87,24.49,23.83,24.03,12330896,0
20110901,24.09,24.25,22.91,23.03,16930334,0
20110902,22.41,22.55,21.73,22.07,14086826,0
20110906,21.36,21.58,20.88,21.44,14286578,0
20110907,21.82,23.04,21.82,22.86,13412140,0
20110908,22.79,23.13,22.24,22.48,11786365,0
20110909,22.36,22.45,21.47,21.76,11920536,0
20110912,21.15,21.95,21.00,21.87,9326115,0
20110913,21.87,22.33,21.50,22.00,11189680,0
20110914,22.22,22.49,21.62,22.18,11628077,0
20110915,22.59,22.79,22.15,22.70,8039155,0
20110916,22.68,22.77,22.34,22.61,7938540,0
20110919,22.15,23.17,22.05,23.05,14083851,0
20110920,23.05,23.10,22.42,22.43,9508996,0
20110921,22.39,22.70,21.22,21.28,9851528,0
20110922,20.59,20.99,20.04,20.24,17287425,0
20110923,19.77,21.28,19.77,21.00,13722360,0
20110926,21.32,21.44,20.53,21.08,8504248,0
20110927,21.60,21.83,21.08,21.19,11170901,0
20110928,21.20,21.44,20.37,20.41,10120881,0
20110929,20.72,20.97,20.11,20.76,10782902,0
20110930,20.44,20.50,20.10,20.18,10155950,0
20111003,20.13,20.90,19.65,19.73,13952063,0
20111004,19.45,21.46,19.05,21.42,23843171,0
20111005,21.33,22.29,20.76,22.27,17155984,0
20111006,22.30,22.60,21.75,22.35,13553793,0
20111007,22.58,22.93,21.82,22.01,14477702,0
20111010,22.51,22.97,22.36,22.62,11301160,0
20111011,22.43,22.69,22.28,22.50,10258983,0
20111012,22.94,23.97,22.86,23.41,17304618,0
20111013,23.38,23.38,22.50,23.15,9858511,0
20111014,23.68,24.16,23.36,24.16,14754325,0
20111017,24.17,24.19,23.15,23.18,8634067,0
20111018,23.19,23.87,22.77,23.54,14135990,0
20111019,23.52,23.55,22.96,23.09,7602505,0
20111020,23.02,23.18,22.51,22.96,9488594,0
20111021,23.40,24.38,23.20,24.35,12355145,0
20111024,24.28,25.24,24.25,24.98,13534172,0
20111025,24.86,25.19,24.16,24.86,11385579,0
20111026,25.02,25.28,24.69,24.99,17497482,0
20111027,25.87,26.47,25.20,26.32,18451353,0
20111028,26.22,26.55,26.00,26.45,10728501,0
20111031,25.92,26.16,25.61,25.85,8855657,0
20111101,24.82,24.90,23.25,23.33,25371128,0
20111102,23.70,23.73,22.92,23.20,14368637,0
20111103,23.82,24.11,22.76,24.03,19954578,0
20111104,23.89,23.92,23.31,23.61,9454058,0
20111107,23.93,24.15,23.52,24.01,9804904,0
20111108,24.20,25.17,23.98,25.04,19891750,0
20111109,23.07,23.57,22.15,22.31,32918212,0
20111110,22.44,22.85,21.93,22.70,15867499,0
20111111,22.95,23.10,22.22,22.51,15439418,0
20111114,22.56,23.29,22.51,22.99,13433506,0
20111115,22.81,23.53,22.60,23.35,13868586,0
20111116,23.24,23.35,22.62,22.65,9302828,0
20111117,22.72,22.75,21.56,21.79,12693835,0
20111118,22.01,22.18,21.62,21.68,6593808,0
20111121,21.10,21.18,20.54,21.05,11760237,0
20111122,20.92,21.12,20.70,20.73,7290514,0
20111123,20.48,20.69,20.06,20.24,9594464,0
20111125,20.22,20.71,20.21,20.34,2757591,0
20111128,20.95,21.43,20.65,20.74,8959471,0
20111129,20.73,20.85,20.30,20.31,7666201,0
20111130,21.02,21.31,20.94,21.29,11152940,0
20111201,21.24,21.77,20.93,20.96,12128433,0
20111202,21.35,21.73,21.13,21.28,9781498,0
20111205,21.52,21.99,21.43,21.59,9812371,0
20111206,21.60,21.88,21.28,21.68,10668823,0
20111207,21.62,22.11,21.48,21.94,9194797,0
20111208,21.76,21.76,20.85,20.98,11511836,0
20111209,21.09,21.40,21.06,21.15,6497417,0
20111212,20.66,20.90,20.56,20.80,6281577,0
20111213,20.96,21.00,19.95,20.11,12652180,0
20111214,19.95,20.01,19.42,19.47,15055118,0
20111215,19.76,20.22,19.51,20.10,10158397,0
20111216,20.16,20.52,19.97,20.15,9117230,0
20111219,20.12,20.23,19.00,19.05,15608874,0
20111220,19.42,19.90,19.35,19.69,13953490,0
20111221,19.74,20.43,19.58,20.32,13055672,0
20111222,20.25,20.85,20.17,20.70,7288092,0
20111223,20.81,20.89,20.45,20.50,6482024,0
20111227,20.43,20.43,20.08,20.09,5866185,0
20111228,20.08,20.13,19.76,19.86,7116126,0
20111229,19.85,20.25,19.71,20.21,6891367,0
20111230,20.12,20.37,20.05,20.27,6972557,0
20120103,20.83,21.18,20.75,21.05,9321420,0
20120104,21.05,21.37,20.75,21.15,7856752,0
20120105,21.10,22.29,20.96,22.17,17884040,0
20120106,22.26,23.03,22.24,22.92,18234608,0
20120109,23.20,23.43,22.70,22.84,12091714,0
20120110,23.22,23.40,22.77,23.24,13538355,0
20120111,23.37,24.64,23.34,24.47,21946958,0
20120112,24.35,24.82,23.76,24.67,16751370,0
20120113,24.27,24.65,23.91,24.29,12964715,0
20120117,24.60,24.68,24.17,24.20,9385882,0
20120118,24.27,24.58,24.02,24.51,8919872,0
20120119,24.69,24.98,24.45,24.82,15226577,0
20120120,24.93,25.11,24.84,25.00,9896707,0
20120123,25.14,25.25,24.79,24.92,8924153,0
20120124,24.84,24.93,24.50,24.79,8351971,0
20120125,24.89,25.01,24.38,24.92,13441671,0
20120126,25.10,25.50,24.60,24.72,11586147,0
20120127,23.80,24.54,23.33,24.37,14784745,0
20120130,24.06,24.57,23.95,24.23,6322917,0
20120131,24.53,24.59,23.95,24.02,9193250,0
20120201,24.33,24.58,24.07,24.37,13337405,0
20120202,24.65,24.69,24.30,24.31,6670814,0
20120203,25.00,26.44,24.79,26.18,25528038,0
20120206,26.47,26.83,25.95,26.70,17265856,0
20120207,26.62,26.62,26.15,26.22,10767372,0
20120208,26.31,26.42,25.58,25.75,17524215,0
20120209,25.96,26.22,25.50,25.74,7440522,0
20120210,25.48,25.52,25.25,25.50,9819060,0
20120213,26.00,26.00,25.21,25.34,10504189,0
20120214,25.21,25.45,25.00,25.40,9887903,0
20120215,25.73,25.75,24.90,24.93,13328940,0
20120216,25.29,27.26,25.27,27.17,35328455,0
20120217,27.17,27.68,27.01,27.34,17606466,0
20120221,27.30,27.55,26.99,27.06,8593173,0
20120222,27.08,27.13,26.53,26.55,10694511,0
20120223,26.69,27.26,26.26,26.79,10300886,0
20120224,26.90,26.95,26.06,26.07,9405204,0
20120227,26.07,26.55,25.57,26.46,8602510,0
20120228,26.49,26.53,26.10,26.14,7547467,0
20120229,26.07,26.55,25.92,26.02,12038620,0
20120301,26.19,26.80,26.15,26.47,8898154,0
20120302,26.55,26.75,26.36,26.45,8465653,0
20120305,26.27,26.40,25.80,26.00,7650458,0
20120306,25.31,25.34,24.38,24.58,19072503,0
20120307,24.75,25.21,24.75,24.88,6888724,0
20120308,25.37,25.59,25.10,25.45,8646605,0
20120309,25.70,25.82,25.39,25.62,6323564,0
20120312,25.62,25.71,25.15,25.39,4006397,0
20120313,25.48,26.10,25.33,26.07,8361201,0
20120314,26.13,26.59,26.00,26.32,9082524,0
20120315,26.37,26.58,25.88,26.05,10133685,0
20120316,26.07,26.07,25.26,25.57,11752664,0
20120319,25.50,25.70,25.24,25.39,5463396,0
20120320,25.10,25.42,24.60,25.09,10819373,0
20120321,25.17,25.49,25.10,25.29,6122770,0
20120322,25.01,25.26,24.87,25.05,5605737,0
20120323,25.04,25.32,24.77,25.17,5802727,0
20120326,25.23,25.63,25.14,25.58,7957639,0
20120327,25.42,25.85,25.34,25.35,6632450,0
20120328,25.41,25.48,25.02,25.15,5161973,0
20120329,25.02,25.37,24.94,25.31,6433808,0
20120330,25.49,25.78,25.11,25.65,6038885,0
20120402,26.03,26.91,25.98,26.76,14472891,0
20120403,26.64,27.03,25.27,25.54,26415524,0
20120404,25.10,25.40,24.90,25.10,9786135,0
20120405,24.99,25.18,24.61,24.81,8211238,0
20120409,24.22,24.40,24.03,24.20,7250354,0
20120410,24.11,24.14,23.29,23.71,11856286,0
20120411,23.84,24.28,23.82,24.03,9262255,0
20120412,24.05,24.49,24.00,24.30,5042815,0
20120413,24.22,24.29,23.62,23.80,7311803,0
20120416,23.78,23.93,23.35,23.42,7528453,0
20120417,23.59,24.54,23.55,24.04,10259798,0
20120418,23.87,24.29,23.75,24.15,6253771,0
20120419,24.09,24.87,23.87,24.01,11207484,0
20120420,24.06,24.06,23.52,23.60,12948386,0
20120423,23.17,23.30,22.90,22.95,16188909,0
20120424,23.02,23.40,22.88,22.89,8683672,0
20120425,23.15,23.36,22.89,23.31,5549274,0
20120426,23.16,23.75,23.16,23.72,8132944,0
20120427,23.81,24.09,23.34,23.53,10495268,0
20120430,23.38,23.49,22.80,23.00,8279244,0
20120501,23.04,23.48,22.60,23.31,10152761,0
20120502,23.19,23.25,22.63,22.93,14485852,0
20120503,23.13,23.19,22.19,22.37,22816969,0
20120504,22.20,22.41,21.82,22.36,14830971,0
20120507,21.87,22.50,21.85,22.41,7853458,0
20120508,22.25,22.35,21.87,22.23,9318470,0
20120509,21.88,22.80,21.85,22.44,9813434,0
20120510,22.69,22.89,22.33,22.37,7233533,0
20120511,22.00,22.53,21.98,22.00,8045621,0
20120514,21.75,21.97,21.60,21.63,9665394,0
20120515,21.57,21.83,21.34,21.42,7410436,0
20120516,22.05,22.62,21.85,21.91,13640408,0
20120517,21.94,22.27,21.55,21.61,12135190,0
20120518,21.54,21.69,21.09,21.18,7533105,0
20120521,21.34,21.68,21.26,21.54,6296198,0
20120522,21.71,21.90,21.34,21.50,7021772,0
20120523,21.33,22.20,21.32,22.13,8340428,0
20120524,21.98,22.13,21.82,22.04,5093368,0
20120525,22.04,22.46,22.00,22.44,5661960,0
20120529,22.62,22.93,22.59,22.85,9790926,0
20120530,22.50,22.50,21.98,22.37,7369443,0
20120531,22.26,22.41,22.00,22.20,6010240,0
20120601,21.65,23.34,21.45,22.01,29622188,0
20120604,22.01,22.04,20.66,21.11,15425255,0
20120605,20.98,21.47,20.97,21.25,5646480,0
20120606,21.43,21.94,21.34,21.83,6122991,0
20120607,22.11,22.38,21.76,21.85,5951124,0
20120608,21.85,22.09,21.50,22.05,4259052,0
20120611,22.28,22.30,21.90,21.92,6050799,0
20120612,21.92,22.20,21.68,22.17,6100138,0
20120613,22.04,22.17,21.74,21.87,8588013,0
20120614,21.84,21.99,21.58,21.80,4535233,0
20120615,21.76,21.81,21.42,21.74,5714285,0
20120618,21.54,21.72,21.38,21.43,6394862,0
20120619,21.43,22.00,21.40,21.74,7769399,0
20120620,21.78,21.82,21.28,21.48,8588944,0
20120621,21.45,21.50,20.60,20.64,9193675,0
20120622,20.95,20.95,20.46,20.60,6987221,0
20120625,20.32,20.39,19.91,19.91,9975631,0
20120626,19.94,20.04,19.62,19.85,8922954,0
20120627,19.83,19.98,19.62,19.66,8316218,0
20120628,19.64,19.92,19.49,19.82,11226175,0
20120629,20.00,20.00,19.24,19.72,13454771,0
20120702,19.70,19.74,19.30,19.57,6310753,0
20120703,19.80,21.12,19.67,20.67,10718756,0
20120705,20.75,21.21,20.54,20.54,8076418,0
20120706,20.35,20.60,20.05,20.31,6512984,0
20120709,20.21,20.40,20.05,20.22,5520313,0
20120710,20.25,20.48,19.73,19.80,9807765,0
20120711,19.75,20.01,19.60,19.90,6672881,0
20120712,19.61,19.77,19.23,19.33,14116915,0
20120713,19.33,19.71,19.27,19.62,7474686,0
20120716,19.47,19.55,19.23,19.38,9066426,0
20120717,19.55,19.60,19.30,19.60,7950709,0
20120718,19.62,20.21,19.57,20.07,8770370,0
20120719,20.12,20.34,20.07,20.14,6855617,0
20120720,20.02,20.16,19.33,19.36,8800991,0
20120723,19.09,19.36,18.85,19.30,8766837,0
20120724,19.25,19.38,18.85,19.02,8203264,0
20120725,19.10,19.13,18.72,18.80,6778248,0
20120726,19.02,19.15,18.75,19.11,5577777,0
20120727,19.14,19.69,19.07,19.67,6804357,0
20120730,19.55,19.65,19.30,19.36,4219176,0
20120731,19.46,19.77,19.37,19.71,5608310,0
20120801,19.78,20.58,19.43,19.66,14832679,0
20120802,19.59,20.06,18.93,19.14,10881246,0
20120803,19.26,20.10,19.25,20.04,9394900,0
20120806,20.05,20.10,19.76,19.85,6206054,0
20120807,19.92,20.52,19.92,20.42,9577638,0
20120808,20.14,20.45,20.05,20.38,4703045,0
20120809,20.37,20.82,20.21,20.65,6653546,0
20120810,20.52,20.70,20.31,20.54,3903418,0
20120813,20.52,20.80,20.36,20.47,4027069,0
20120814,20.63,20.79,20.10,20.21,7681037,0
20120815,20.21,20.36,19.98,20.14,6498558,0
20120816,20.12,21.46,20.12,21.33,14410920,0
20120817,21.35,22.14,21.34,22.01,17952284,0
20120820,21.75,22.02,21.66,21.87,6615744,0
20120821,21.95,22.07,21.52,21.63,6545151,0
20120822,21.58,21.75,21.14,21.73,7180474,0
20120823,21.61,21.61,21.23,21.34,8960470,0
20120824,21.21,21.36,21.07,21.18,5443233,0
20120827,21.20,21.37,21.00,21.22,6216333,0
20120828,21.00,21.25,20.91,20.94,5784596,0
20120829,20.90,21.64,20.86,21.30,9624980,0
20120830,21.25,21.26,21.02,21.11,3882797,0
20120831,21.30,21.48,21.10,21.35,5826126,0
20120904,21.25,21.50,21.02,21.31,7505299,0
20120905,21.22,21.76,21.02,21.76,7932976,0
20120906,21.79,22.73,21.75,22.45,12486608,0
20120907,22.55,23.42,22.54,23.37,12908742,0
20120910,23.28,23.42,22.94,22.98,8158170,0
20120911,22.98,23.25,22.88,22.97,5442686,0
20120912,23.14,23.33,23.05,23.13,5200997,0
20120913,23.05,23.68,22.82,23.53,9479940,0
20120914,23.69,24.33,23.63,24.14,11882250,0
20120917,23.92,23.95,23.73,23.80,6100060,0
20120918,24.29,24.45,24.02,24.43,11309398,0
20120919,24.36,25.15,24.32,24.75,16033550,0
20120920,24.34,24.54,23.91,24.42,7415692,0
20120921,24.54,24.89,24.50,24.80,12218752,0
20120924,24.51,24.68,24.12,24.36,5689590,0
20120925,24.43,24.50,23.28,23.52,10327026,0
20120926,23.25,23.73,22.85,23.39,8329550,0
20120927,23.67,23.70,23.14,23.18,6843378,0
20120928,23.00,23.10,22.71,22.75,8614691,0
20121001,23.00,23.41,22.85,23.09,7583579,0
20121002,23.50,24.10,22.67,23.68,21403400,0
20121003,23.71,24.60,23.66,24.39,14739379,0
20121004,24.55,24.67,24.32,24.65,8693653,0
20121005,24.88,25.43,24.57,24.80,14252178,0
20121008,24.79,24.81,24.51,24.57,6250096,0
20121009,24.74,24.86,24.26,24.37,7209905,0
20121010,24.41,24.58,24.10,24.23,6049247,0
20121011,24.41,24.99,24.23,24.66,8771607,0
20121012,24.56,24.83,24.33,24.44,4230206,0
20121015,24.51,24.58,24.33,24.48,5114225,0
20121016,24.52,24.85,24.41,24.79,4252042,0
20121017,24.90,25.13,24.60,25.06,6002611,0
20121018,25.09,25.72,24.96,25.56,9762844,0
20121019,25.43,25.50,24.55,24.59,10454244,0
20121022,24.56,24.85,24.27,24.62,7068140,0
20121023,24.07,24.10,23.73,23.87,8196120,0
20121024,24.15,24.27,23.66,23.69,6230780,0
20121025,23.98,24.27,23.58,23.63,11877786,0
20121026,23.61,23.90,23.19,23.28,10147591,0
20121031,24.30,25.72,23.90,25.50,24707696,0
20121101,25.53,25.85,24.91,25.68,14562083,0
20121102,25.81,25.99,25.55,25.79,9920747,0
20121105,25.44,25.99,25.35,25.57,7681998,0
20121106,25.59,26.27,25.45,26.19,10888597,0
20121107,25.64,25.67,24.92,25.03,11106291,0
20121108,25.22,25.50,24.70,24.72,5240772,0
20121109,24.38,25.28,24.38,25.04,7648965,0
20121112,25.05,25.38,25.05,25.26,5297083,0
20121113,24.89,25.18,24.75,24.82,9697878,0
20121114,24.93,24.99,24.10,24.17,9587988,0
20121115,24.18,24.19,23.54,23.88,9371645,0
20121116,23.92,23.98,23.39,23.85,9647914,0
20121119,24.27,24.94,24.13,24.93,7996780,0
20121120,24.90,24.94,24.38,24.60,6578630,0
20121121,24.57,24.97,24.43,24.60,4908132,0
20121123,24.96,25.42,24.86,25.21,4595863,0
20121126,25.17,25.41,24.95,25.23,6460373,0
20121127,25.14,25.35,25.00,25.01,5822654,0
20121128,24.69,25.30,24.64,25.28,5313624,0
20121129,25.61,26.24,25.51,26.09,10013546,0
20121130,25.89,26.17,25.58,25.88,6539562,0
20121203,26.06,26.35,25.46,25.51,11333078,0
20121204,25.34,25.50,24.52,25.41,12633812,0
20121205,25.37,25.60,24.94,25.00,7655662,0
20121206,24.91,25.00,24.46,24.57,9708813,0
20121207,24.76,25.21,24.57,25.19,9060203,0
20121210,25.06,25.41,25.04,25.28,5931805,0
20121211,25.31,25.50,25.11,25.45,5709243,0
20121212,25.54,26.07,25.44,25.63,8395468,0
20121213,25.56,25.83,24.90,25.12,7737713,0
20121214,25.08,25.11,24.40,24.61,9661308,0
20121217,24.67,24.90,24.65,24.85,7130998,0
20121218,24.98,25.54,24.80,25.49,9592645,0
20121219,27.44,27.91,26.86,27.18,54877822,0
20121220,27.00,27.48,26.87,27.34,15768810,0
20121221,26.74,27.38,26.54,27.32,8774683,0
20121224,27.31,27.74,27.31,27.66,4878268,0
20121226,27.63,27.95,27.49,27.62,7006110,0
20121227,27.74,27.99,27.42,27.96,9431123,0
20121228,27.66,27.94,27.55,27.85,5133472,0
20121231,27.76,28.90,27.62,28.83,13240999,0
20130102,29.41,29.50,28.63,29.13,15607784,0
20130103,29.05,30.23,28.84,29.82,22904960,0
20130104,29.74,29.86,29.23,29.86,8067246,0
20130107,29.64,29.86,29.30,29.66,8385584,0
20130108,29.66,29.85,29.05,29.37,10435209,0
20130109,29.58,30.28,29.56,29.97,13342390,0
20130110,30.28,30.45,29.78,30.44,12116682,0
20130111,30.38,30.60,30.11,30.36,6870332,0
20130114,30.15,30.39,29.89,30.33,6634631,0
20130115,30.11,30.68,29.95,30.60,7500212,0
20130116,29.57,29.73,28.83,29.31,28301367,0
20130117,29.48,29.65,29.19,29.49,12065396,0
20130118,29.44,29.53,28.88,29.28,9995254,0
20130122,29.19,29.27,28.38,28.63,18539847,0
20130123,28.58,28.84,26.62,28.57,11356484,0
20130124,28.59,28.98,28.35,28.78,8399983,0
20130125,28.96,29.16,28.87,29.07,10258393,0
20130128,29.05,29.15,28.61,28.83,7038485,0
20130129,28.80,28.82,28.16,28.45,13061762,0
20130130,28.28,28.65,27.77,27.94,11230877,0
20130131,27.80,28.14,27.61,28.09,8686904,0
20130201,28.39,28.50,28.08,28.17,10713724,0
20130204,27.89,28.20,27.88,27.96,6511765,0
20130205,28.03,28.60,28.03,28.59,11097467,0
20130206,28.35,28.60,28.22,28.52,7010404,0
20130207,28.68,28.91,28.03,28.47,10493430,0
20130208,28.54,28.73,28.50,28.57,6317345,0
20130211,28.51,28.65,28.35,28.53,5589830,0
20130212,28.43,28.75,28.24,28.55,7175543,0
20130213,28.75,28.87,28.44,28.67,9286307,0
20130214,28.74,29.36,27.67,27.75,19233280,0
20130215,27.59,27.92,27.22,27.76,12861243,0
20130219,27.69,27.80,27.46,27.68,7091448,0
20130220,27.81,27.81,27.05,27.10,7247185,0
20130221,27.02,27.04,26.33,26.51,13894228,0
20130222,26.40,27.12,26.31,27.11,9287457,0
20130225,27.11,27.17,26.33,26.33,11123563,0
20130226,26.65,26.85,26.19,26.83,13364433,0
20130227,26.80,27.58,26.72,27.40,13116386,0
20130228,27.50,27.57,26.89,27.15,10310570,0
20130301,26.83,27.49,26.75,27.21,9018734,0
20130304,27.14,27.29,26.99,27.09,6586922,0
20130305,27.22,27.79,27.19,27.58,9200331,0
20130306,27.76,27.96,27.62,27.91,9002872,0
20130307,27.86,28.14,27.79,27.88,9429820,0
20130308,27.91,28.19,27.89,28.00,5910491,0
20130311,27.95,28.39,27.55,28.31,19122052,0
20130312,28.26,28.64,28.09,28.37,10690688,0
20130313,28.38,28.38,28.05,28.07,10287325,0
20130314,28.05,28.23,28.04,28.16,6441115,0
20130315,27.96,28.26,27.80,28.21,12115378,0
20130318,27.95,28.15,27.73,28.04,13759486,0
20130319,28.10,28.20,27.90,28.10,12749460,0
20130320,28.25,29.30,28.19,29.20,25484894,0
20130321,28.91,29.17,28.57,28.63,13451955,0
20130322,28.61,28.71,27.96,28.22,12673237,0
20130325,28.39,28.48,28.02,28.16,6670235,0
20130326,28.28,28.35,27.99,28.15,6876418,0
20130327,28.05,28.27,27.96,28.06,5444328,0
20130328,28.02,28.09,27.64,27.82,9330939,0
20130401,27.65,28.09,27.65,27.80,8838307,0
20130402,27.96,28.30,27.53,27.93,16188421,0
20130403,28.00,28.10,27.66,27.80,11199677,0
20130404,27.75,28.00,27.51,27.74,8572227,0
20130405,27.38,27.56,27.11,27.52,11792722,0
20130408,27.50,27.64,27.40,27.59,11572829,0
20130409,27.77,27.78,27.50,27.53,9682252,0
20130410,27.69,28.51,27.68,28.37,12928350,0
20130411,28.49,29.76,28.44,29.72,22305942,0
20130412,29.57,29.84,29.55,29.62,15619284,0
20130415,29.41,29.69,28.84,28.91,14080703,0
20130416,29.17,29.51,29.17,29.47,8007748,0
20130417,29.03,29.33,28.77,29.27,10670470,0
20130418,29.25,29.38,28.75,28.98,11121392,0
20130419,29.10,29.26,28.91,29.15,7183650,0
20130422,29.20,29.34,28.85,29.25,6766935,0
20130423,29.34,29.92,29.28,29.85,8456833,0
20130424,29.91,30.80,29.86,30.45,21510903,0
20130425,30.06,30.78,30.00,30.71,14508421,0
20130426,30.79,30.80,30.03,30.50,13738736,0
20130429,30.62,30.90,30.42,30.79,6197872,0
20130430,30.77,30.97,30.57,30.84,8118396,0
20130501,30.77,31.08,30.11,30.18,10396249,0
20130502,31.31,31.82,31.05,31.16,19125881,0
20130503,31.74,32.44,31.63,32.10,12497841,0
20130506,32.02,32.22,31.78,31.82,8502644,0
20130507,31.92,32.13,31.46,31.65,11429744,0
20130508,31.41,32.19,31.09,32.08,9991621,0
20130509,32.01,32.16,31.62,31.65,10862827,0
20130510,31.55,31.70,30.97,31.42,12811141,0
20130513,31.16,31.35,30.86,31.00,8098076,0
20130514,31.02,31.70,31.01,31.55,10683395,0
20130515,31.55,32.40,31.51,32.31,15085956,0
20130516,32.09,32.67,32.00,32.39,10425265,0
20130517,32.99,33.77,32.81,33.42,20904054,0
20130520,33.37,34.01,33.36,33.70,15263560,0
20130521,33.59,33.96,32.88,33.40,13791764,0
20130522,33.22,33.93,32.99,33.23,13238389,0
20130523,32.33,33.11,32.10,32.85,10537248,0
20130524,32.55,33.00,32.51,32.87,5861102,0
20130528,34.00,34.30,33.75,33.96,16969352,0
20130529,33.71,34.30,33.45,34.05,10869281,0
20130530,34.04,34.91,33.87,34.64,15085252,0
20130531,34.53,34.78,33.89,33.89,10133297,0
20130603,34.57,34.69,33.38,34.42,17794325,0
20130604,35.40,35.49,34.75,34.96,30124550,0
20130605,35.00,35.07,34.00,34.02,22338661,0
20130606,34.12,34.53,33.78,34.44,79855029,0
20130607,34.79,35.10,34.00,35.03,30684372,0
20130610,35.18,35.24,34.52,34.74,15222612,0
20130611,34.37,34.49,33.59,33.93,17025574,0
20130612,34.28,34.46,33.24,33.45,13643136,0
20130613,33.36,34.51,33.10,34.50,15614853,0
20130614,34.46,34.62,34.09,34.29,10090468,0
20130617,34.50,34.56,33.60,33.73,10195407,0
20130618,33.80,34.06,33.44,34.01,9926717,0
20130619,34.02,34.25,33.65,33.66,8429133,0
20130620,33.41,33.41,32.28,32.56,29112580,0
20130621,32.96,32.97,31.74,32.21,19000708,0
20130624,31.76,31.84,31.13,31.42,18972879,0
20130625,31.75,32.02,31.54,31.82,9268962,0
20130626,32.18,32.70,32.03,32.55,10375791,0
20130627,32.92,33.50,32.78,33.10,11004377,0
20130628,33.02,33.72,32.80,33.31,15817271,0
20130701,33.52,34.19,33.41,34.00,10311299,0
20130702,34.04,34.94,33.82,34.10,15172268,0
20130703,33.94,34.40,33.76,34.14,5715638,0
20130705,34.35,34.83,34.24,34.67,7107755,0
20130708,34.78,35.02,34.54,34.64,11235206,0
20130709,34.90,35.25,34.72,34.92,7243286,0
20130710,34.90,35.34,34.84,35.33,11820587,0
20130711,35.72,36.20,35.64,36.14,13247413,0
20130712,36.09,36.58,35.91,36.40,10747027,0
20130715,36.60,36.72,36.28,36.50,8968885,0
20130716,36.87,36.94,35.76,36.18,16275865,0
20130717,36.23,36.56,36.08,36.36,10943319,0
20130718,36.50,36.99,36.33,36.84,10682149,0
20130719,36.89,36.89,36.06,36.61,11618062,0
20130722,36.62,36.99,36.48,36.74,11260667,0
20130723,36.89,36.95,36.52,36.61,9300223,0
20130724,37.10,37.45,36.87,37.14,15200519,0
20130725,37.47,37.71,36.51,37.08,18098608,0
20130726,36.93,37.00,36.46,36.67,15897647,0
20130729,36.57,36.67,36.15,36.38,8407926,0
20130730,36.53,36.78,36.32,36.50,12244683,0
20130731,36.62,36.72,35.67,35.87,20697474,0
20130801,36.39,36.86,36.01,36.47,16150164,0
20130802,36.44,37.18,36.34,36.95,11913042,0
20130805,37.03,37.05,36.65,36.75,7151502,0
20130806,36.44,36.49,35.96,35.96,13486181,0
20130807,36.01,36.10,35.43,35.48,19403584,0
20130808,35.61,36.11,35.57,36.01,14457689,0
20130809,35.96,36.27,35.70,36.02,7706722,0
20130812,35.76,36.10,35.60,35.98,8441858,0
20130813,36.21,36.21,35.59,35.84,7145952,0
20130814,35.84,36.01,35.21,35.57,11341555,0
20130815,35.17,35.18,34.41,34.55,20384791,0
20130816,34.59,34.91,34.18,34.38,12499031,0
20130819,34.56,34.83,34.42,34.49,9211613,0
20130820,34.56,34.91,34.05,34.79,13766894,0
20130821,34.78,34.95,34.39,34.53,9798641,0
20130822,34.66,35.05,34.65,34.99,9572186,0
20130823,35.14,35.22,34.86,35.06,7487040,0
20130826,35.03,35.52,34.85,34.92,10831745,0
20130827,34.44,34.61,33.62,33.69,11906107,0
20130828,33.57,34.16,33.50,33.92,9116450,0
20130829,33.82,34.69,33.81,34.45,10558312,0
20130830,34.50,34.54,33.90,34.08,8099717,0
20130903,34.68,34.77,33.96,34.14,10912254,0
20130904,34.20,35.90,34.17,35.85,23040742,0
20130905,36.01,36.79,35.87,36.33,18635818,0
20130906,36.40,36.62,35.61,36.15,14245154,0
20130909,36.34,36.70,36.25,36.48,13515477,0
20130910,36.94,37.27,36.72,37.00,10626974,0
20130911,36.53,36.60,36.02,36.35,27028474,0
20130912,36.37,36.56,35.88,36.37,15745180,0
20130913,36.49,36.55,35.99,36.06,12643031,0
20130916,36.47,36.62,36.15,36.22,14820639,0
20130917,36.32,36.98,36.32,36.71,12992266,0
20130918,36.76,37.73,36.71,37.58,21446371,0
20130919,37.84,37.88,37.16,37.23,16824413,0
20130920,37.64,37.68,36.83,36.83,35724922,0
20130923,37.15,37.50,36.55,37.13,18487372,0
20130924,37.16,37.97,37.06,37.44,23723710,0
20130925,37.53,37.78,37.16,37.18,15115863,0
20130926,37.19,37.35,36.76,36.95,14030772,0
20130927,36.77,36.90,36.16,36.37,14249679,0
20130930,35.71,36.31,35.62,35.97,17724441,0
20131001,36.04,36.41,35.32,35.91,21890705,0
20131002,35.74,36.00,35.23,35.94,19460420,0
20131003,35.76,35.94,35.13,35.29,15001153,0
20131004,35.44,35.79,35.13,35.70,13811139,0
20131007,35.23,35.52,35.02,35.18,12181024,0
20131008,35.25,35.27,34.17,34.21,23658361,0
20131009,34.33,34.39,33.92,34.16,21109890,0
20131010,34.74,34.89,34.61,34.85,18041926,0
20131011,34.79,35.52,34.66,35.35,15406658,0
20131014,34.83,35.44,34.81,35.33,11193412,0
20131015,35.28,35.38,34.51,34.70,13708431,0
20131016,35.02,35.21,34.78,35.13,15529562,0
20131017,35.16,35.79,34.96,35.66,12602908,0
20131018,36.21,36.30,35.68,35.89,14638468,0
20131021,36.26,36.26,35.34,35.50,13451684,0
20131022,35.62,36.13,35.37,35.41,17013425,0
20131023,35.38,35.39,34.53,35.05,17307607,0
20131024,35.49,36.03,35.10,35.63,19286980,0
20131025,35.67,35.77,35.32,35.59,12849146,0
20131028,35.44,35.97,35.43,35.80,12985146,0
20131029,35.82,36.18,35.51,36.06,24055037,0
20131030,37.20,37.55,36.78,37.23,42130010,0
20131031,37.18,37.99,36.95,36.95,28106726,0
20131101,37.17,38.21,37.05,37.39,30765422,0
20131104,37.50,37.80,37.41,37.47,18005295,0
20131105,37.28,37.51,37.07,37.09,15198041,0
20131106,37.24,37.40,36.57,36.59,16166017,0
20131107,36.61,36.75,35.91,35.92,19893826,0
20131108,36.15,36.77,36.01,36.66,18203136,0
20131111,36.68,37.09,36.50,36.68,13666468,0
20131112,36.67,36.80,36.37,36.66,14363833,0
20131113,36.50,38.53,36.48,38.44,43860192,0
20131114,38.70,38.80,38.15,38.50,28495111,0
20131115,38.51,39.08,38.20,38.77,21699113,0
20131118,38.81,39.18,38.53,38.57,16792403,0
20131119,38.57,38.74,37.89,38.01,19843069,0
20131120,38.11,38.71,37.60,37.69,16898679,0
20131121,38.85,39.00,38.04,38.12,33903893,0
20131122,38.20,38.50,37.58,37.63,26780451,0
20131125,37.75,37.87,37.39,37.55,21111360,0
20131126,37.70,37.94,37.40,37.67,22798634,0
20131127,37.71,38.99,37.60,38.85,27415786,0
20131129,38.90,39.15,38.50,38.73,7672093,0
20131202,39.10,39.39,38.91,39.11,21200559,0
20131203,38.89,39.09,37.68,38.14,44843977,0
20131204,38.53,39.62,38.12,38.71,39730069,0
20131205,38.99,39.34,38.55,39.09,34590433,0
20131206,39.99,40.38,39.60,40.17,37909514,0
20131209,40.38,41.17,40.31,40.90,29291072,0
20131210,40.55,41.13,40.40,40.40,32542344,0
20131211,40.76,40.83,40.07,40.16,16384847,0
20131212,40.10,40.61,40.01,40.05,18900523,0
20131213,40.19,40.35,40.02,40.04,14885877,0
20131216,40.56,41.55,40.46,40.86,33583213,0
20131217,41.66,41.85,41.13,41.53,28297456,0
20131218,41.17,41.40,39.86,41.27,51850685,0
20131219,41.14,41.27,40.08,40.30,25215488,0
20131220,40.48,41.05,40.18,40.99,49656971,0
20131223,40.90,41.58,40.61,41.29,20370038,0
20131224,41.25,41.31,40.83,40.88,7605320,0
20131226,41.04,41.85,41.04,41.52,11169500,0
20131227,41.31,41.44,40.86,40.94,10052743,0
20131230,41.00,41.13,40.65,40.69,8737741,0
20131231,40.70,41.04,40.58,40.87,11102142,0
20140102,40.68,41.06,40.34,40.95,14764415,0
20140103,40.92,40.95,39.00,39.57,41430487,0
20140106,39.90,40.58,39.64,40.40,25066845,0
20140107,40.70,40.94,40.10,40.20,14157364,0
20140108,40.33,40.83,40.20,40.42,11344528,0
20140109,40.88,40.94,40.28,40.49,9792633,0
20140110,40.60,40.68,39.84,40.03,14605635,0
20140113,40.16,40.64,39.44,39.58,20995498,0
20140114,39.77,40.16,39.57,40.02,17565955,0
20140115,39.63,39.77,38.96,39.38,89213832,0
20140116,39.31,39.55,38.76,39.00,36095485,0
20140117,39.07,39.10,38.33,38.60,28012924,0
20140121,38.89,39.00,37.90,38.34,30790088,0
20140122,38.40,38.82,38.12,38.80,16904726,0
20140123,38.34,38.50,37.91,38.42,20559316,0
20140124,38.07,38.11,36.70,36.83,39671978,0
20140127,36.80,37.28,36.06,36.76,33922905,0
20140128,37.16,37.20,36.72,36.81,15932874,0
20140129,36.06,36.96,36.01,36.35,17526021,0
20140130,36.88,37.07,36.48,36.84,15484212,0
20140131,36.22,36.84,35.88,36.08,27212019,0
20140203,36.27,36.31,34.91,35.25,38983893,0
20140204,35.47,35.97,35.25,35.82,20950002,0
20140205,35.84,35.84,34.96,35.24,29456137,0
20140206,34.43,35.82,34.36,35.23,53696324,0
20140207,35.97,36.47,35.42,36.11,31334321,0
20140210,35.91,35.92,34.62,34.90,43300443,0
20140211,35.22,35.74,35.19,35.25,23789033,0
20140212,35.49,35.65,35.13,35.56,23314571,0
20140213,35.17,35.22,34.76,35.20,30512706,0
20140214,35.37,36.08,35.25,35.95,22850052,0
20140218,36.43,36.49,36.00,36.31,24557168,0
20140219,36.22,36.72,36.00,36.03,23070864,0
20140220,36.19,36.60,36.00,36.51,18651132,0
20140221,36.68,36.75,36.14,36.69,51726927,0
20140224,36.70,36.81,36.44,36.55,22112794,0
20140225,36.67,36.80,35.99,36.10,22524431,0
20140226,35.95,37.13,35.94,36.83,26664315,0
20140227,36.56,36.85,35.97,36.77,28752156,0
20140228,36.73,36.76,35.89,36.20,44350702,0
20140303,35.70,36.59,35.70,36.21,24014745,0
20140304,36.53,36.99,36.43,36.93,17934335,0
20140305,37.54,38.05,37.33,37.52,28500737,0
20140306,37.87,38.05,37.54,37.54,19116622,0
20140307,37.94,38.01,37.45,37.69,17560314,0
20140310,37.56,37.56,36.76,37.09,17557528,0
20140311,37.00,37.12,35.02,35.18,41090952,0
20140312,34.76,35.25,34.37,34.86,46333475,0
20140313,35.04,35.16,33.87,34.09,39628553,0
20140314,33.85,34.56,33.57,34.09,31908641,0
20140317,34.14,34.69,33.71,34.63,29702056,0
20140318,34.68,35.24,34.50,35.17,21329665,0
20140319,35.28,35.33,34.60,34.91,14690931,0
20140320,34.79,35.27,34.40,35.26,14456078,0
20140321,35.39,35.50,34.78,35.01,24016569,0
20140324,34.69,35.17,34.28,35.14,21461500,0
20140325,35.13,35.18,34.19,34.51,24817566,0
20140326,34.68,34.74,34.20,34.22,16999795,0
20140327,34.28,34.99,34.11,34.51,16382930,0
20140328,34.64,35.02,34.56,34.73,19175444,0
20140331,34.53,34.79,33.95,34.42,24292580,0
20140401,34.50,35.14,34.32,34.34,46569829,0
20140402,34.65,35.05,34.38,34.88,41863868,0
20140403,34.94,35.50,34.73,35.44,20578652,0
20140404,35.58,35.70,34.65,34.81,20368865,0
20140407,34.67,34.73,33.82,34.11,24348132,0
20140408,34.15,34.60,33.85,34.53,20615564,0
20140409,33.90,34.24,33.60,33.62,33165365,0
20140410,33.71,34.06,33.30,33.30,34304923,0
20140411,33.00,33.09,31.70,31.93,45765198,0
20140414,32.29,32.88,32.15,32.55,18759667,0
20140415,32.81,33.44,32.29,33.36,23450944,0
20140416,33.69,33.99,33.32,33.97,18140840,0
20140417,33.83,34.09,33.80,33.98,12351182,0
20140421,33.95,34.21,33.75,33.98,9909362,0
20140422,34.03,34.44,34.00,34.23,12291646,0
20140423,34.29,34.61,34.10,34.39,16065667,0
20140424,35.50,35.70,33.52,34.17,33352352,0
20140425,33.55,34.08,33.55,33.72,16032786,0
20140428,33.93,33.94,33.51,33.76,20175895,0
20140429,33.70,34.10,33.62,33.99,12088525,0
20140430,33.84,34.54,33.84,34.48,14037765,0
20140501,34.67,35.40,34.54,34.90,19572572,0
20140502,35.03,35.33,34.86,34.97,11397359,0
20140505,34.84,34.89,34.63,34.75,8449087,0
20140506,35.07,35.14,34.75,34.75,10114725,0
20140507,34.96,35.11,34.61,35.07,9271172,0
20140508,34.98,35.43,34.73,34.85,10252162,0
20140509,34.80,34.90,34.15,34.23,16803486,0
20140512,34.38,34.94,34.38,34.82,9499126,0
20140513,34.84,35.19,34.60,35.15,9048317,0
20140514,35.10,35.11,34.80,34.94,10505305,0
20140515,34.61,34.75,33.83,34.36,18088577,0
20140516,33.75,34.65,33.49,34.00,21487112,0
20140519,33.84,34.35,33.80,34.25,9006134,0
20140520,34.16,34.30,32.96,33.07,24894237,0
20140521,33.15,33.62,33.10,33.46,12392960,0
20140522,33.39,33.70,33.31,33.42,8428152,0
20140523,33.49,33.69,33.41,33.63,8268324,0
20140527,33.92,33.98,33.77,33.94,8995120,0
20140528,34.09,34.62,33.96,34.59,12575767,0
20140529,34.60,34.65,34.25,34.45,10881537,0
20140530,34.30,34.64,34.20,34.58,14171639,0
20140602,34.54,34.90,34.29,34.86,11556876,0
20140603,35.12,35.69,34.75,35.26,17795876,0
20140604,35.50,36.88,35.35,36.52,33252199,0
20140605,36.96,37.04,36.16,36.27,25094529,0
20140606,36.07,36.75,35.75,36.55,17642794,0
20140609,36.47,36.83,36.34,36.50,10279710,0
20140610,36.28,36.70,36.18,36.40,8460743,0
20140611,36.23,36.29,35.92,36.12,8868088,0
20140612,36.00,36.28,35.49,35.52,16818453,0
20140613,35.38,35.78,35.38,35.63,12047101,0
20140616,35.49,36.18,35.49,36.06,12603728,0
20140617,35.87,36.38,35.62,36.36,13211606,0
20140618,36.36,36.47,35.93,36.30,16352008,0
20140619,36.35,36.64,36.20,36.37,11277822,0
20140620,36.55,36.58,36.10,36.22,14018678,0
20140623,36.21,36.80,36.19,36.67,11590338,0
20140624,36.62,37.07,36.47,36.58,15032861,0
20140625,36.46,37.18,36.45,37.09,12201264,0
20140626,36.89,36.97,36.41,36.90,11471585,0
20140627,36.73,37.03,36.62,36.62,25428859,0
20140630,36.59,36.90,35.98,36.30,20880231,0
20140701,36.25,37.64,36.25,37.59,23414138,0
20140702,37.50,38.15,37.37,37.74,17672217,0
20140703,37.96,38.11,37.72,37.74,6743734,0
20140707,37.91,37.91,37.17,37.44,11129925,0
20140708,37.41,37.77,37.20,37.58,11786950,0
20140709,37.66,38.13,37.63,37.97,11676257,0
20140710,37.48,37.90,37.35,37.75,9898910,0
20140711,37.72,38.01,37.59,37.95,6203437,0
20140714,38.10,38.13,37.56,37.70,9315528,0
20140715,37.61,37.95,37.44,37.58,8619649,0
20140716,37.77,37.91,37.46,37.48,10954203,0
20140717,37.31,37.67,37.01,37.10,11014655,0
20140718,37.34,37.42,37.06,37.41,8741972,0
20140721,37.38,37.53,37.05,37.43,6633186,0
20140722,37.56,37.90,37.53,37.76,9655788,0
20140723,37.79,37.92,37.41,37.41,13865052,0
20140724,36.67,36.85,35.31,35.74,35694105,0
20140725,35.10,35.29,34.56,35.07,28537314,0
20140728,35.03,35.09,34.78,34.90,15053589,0
20140729,35.01,35.20,34.43,34.45,16560140,0
20140730,34.50,34.66,34.01,34.31,18941748,0
20140731,34.15,34.24,33.78,33.82,13410713,0
20140801,33.79,34.00,33.30,33.44,15343820,0
20140804,33.76,34.02,33.50,33.61,11486331,0
20140805,33.57,33.81,33.15,33.36,11012536,0
20140806,33.23,33.67,33.23,33.40,8715359,0
20140807,33.56,33.63,32.80,33.11,13526688,0
20140808,33.09,33.56,33.09,33.53,9935602,0
20140811,33.64,33.85,33.41,33.80,10873706,0
20140812,33.75,34.14,33.55,33.70,10304995,0
20140813,33.93,34.07,33.78,33.95,7156084,0
20140814,33.81,33.96,33.22,33.95,9956803,0
20140815,34.05,34.16,33.51,33.84,14153502,0
20140818,34.09,34.44,34.04,34.40,10327204,0
20140819,34.69,34.75,34.33,34.57,10422924,0
20140820,34.49,34.72,34.30,34.53,9112524,0
20140821,34.62,34.73,34.46,34.60,6591929,0
20140822,34.51,34.52,34.15,34.24,8665715,0
20140825,34.43,34.74,34.31,34.67,9546350,0
20140826,34.76,35.00,34.63,34.85,7535007,0
20140827,34.92,34.93,34.58,34.71,7118030,0
20140828,34.49,34.75,34.22,34.68,5971613,0
20140829,34.74,34.85,34.61,34.80,5558114,0
20140902,34.88,35.14,34.62,34.80,7825129,0
20140903,35.06,35.12,34.46,34.47,11626398,0
20140904,34.49,34.92,34.44,34.63,9566331,0
20140905,34.59,34.61,34.23,34.58,13671830,0
20140908,34.03,34.15,33.15,33.24,22120618,0
20140909,33.20,33.30,33.01,33.07,11861015,0
20140910,33.12,33.34,33.06,33.29,10470992,0
20140911,33.16,33.69,33.15,33.61,10189065,0
20140912,33.48,33.60,33.10,33.27,11077878,0
20140915,33.16,33.80,33.15,33.63,12509935,0
20140916,33.49,33.95,33.45,33.71,11082986,0
20140917,33.72,34.14,33.67,33.85,10300998,0
20140918,33.93,34.22,33.93,34.03,8930996,0
20140919,34.23,34.24,33.77,33.94,14521399,0
20140922,33.74,33.84,33.08,33.44,11179986,0
20140923,33.24,33.58,33.14,33.22,8731869,0
20140924,33.33,33.68,33.02,33.65,10665413,0
20140925,33.57,33.65,32.83,32.87,12309199,0
20140926,33.04,33.31,32.94,33.17,9417602,0
20140929,32.97,33.16,31.98,32.22,19710870,0
20140930,32.24,32.54,31.67,31.94,24790809,0
20141001,31.97,33.03,31.71,32.49,31138729,0
20141002,32.53,33.40,32.49,33.18,20794624,0
20141003,33.43,33.90,33.25,33.76,16981348,0
20141006,33.84,34.24,33.37,33.75,9095761,0
20141007,33.04,33.04,31.65,31.77,25661347,0
20141008,31.84,32.22,30.79,32.18,28308540,0
20141009,32.09,32.13,30.81,31.03,23098842,0
20141010,30.28,30.94,30.09,30.29,20495982,0
20141013,30.29,30.62,29.73,29.79,17725053,0
20141014,29.90,30.38,29.85,30.11,14495984,0
20141015,29.67,30.26,28.82,29.69,29623288,0
20141016,29.13,30.15,29.09,29.94,18226156,0
20141017,30.38,30.97,30.17,30.24,18339875,0
20141020,30.22,30.52,30.02,30.34,11700578,0
20141021,30.50,31.07,30.32,30.84,12576775,0
20141022,30.61,31.50,30.57,31.31,17845781,0
20141023,31.95,31.99,30.81,30.93,25443605,0
20141024,31.04,31.28,29.98,30.04,30313647,0
20141027,30.15,30.49,29.82,30.08,12790154,0
20141028,30.39,31.22,30.14,31.17,26071317,0
20141029,31.20,31.33,30.35,30.72,11638334,0
20141030,30.57,31.03,30.45,30.78,10594497,0
20141031,31.15,31.62,30.95,31.40,15538961,0
20141103,31.35,31.46,30.79,31.18,9859119,0
20141104,31.04,31.31,30.68,30.82,12058309,0
20141105,31.15,31.18,30.56,30.73,11109560,0
20141106,30.70,31.46,30.65,31.37,12729496,0
20141107,31.31,31.74,31.24,31.59,10070917,0
20141110,31.33,31.50,30.82,31.12,10297832,0
20141111,31.04,31.40,31.00,31.35,7537758,0
20141112,31.30,31.55,31.11,31.42,7456062,0
20141113,31.51,31.90,31.47,31.65,8353857,0
20141114,31.65,32.01,31.48,31.79,8498746,0
20141117,32.00,32.49,31.90,32.31,11900544,0
20141118,32.41,32.49,31.87,32.27,9766095,0
20141119,32.21,32.31,31.94,32.15,8290065,0
20141120,31.96,32.26,31.80,32.13,8052949,0
20141121,32.54,32.55,31.97,32.13,8567175,0
20141124,32.25,32.35,31.77,32.19,13313540,0
20141125,32.25,32.38,31.97,32.23,9269267,0
20141126,32.27,32.30,31.94,32.07,7414462,0
20141128,32.40,33.54,32.23,33.43,14039802,0
20141201,33.31,33.47,32.86,32.94,14391915,0
20141202,33.05,33.62,32.99,33.26,14824785,0
20141203,33.37,33.78,33.35,33.64,11648462,0
20141204,33.66,33.67,33.04,33.09,11686711,0
20141205,33.23,34.09,33.17,33.93,17730772,0
20141208,33.52,33.56,32.61,32.68,16125780,0
20141209,32.28,32.87,32.17,32.81,11147140,0
20141210,32.72,32.85,31.87,31.97,11583515,0
20141211,32.14,32.69,31.99,32.19,13282592,0
20141212,31.94,32.15,31.57,31.57,11239143,0
20141215,31.70,31.77,30.98,31.00,16084045,0
20141216,30.62,31.06,30.30,30.73,24294005,0
20141217,30.81,31.30,30.64,31.15,13281787,0
20141218,31.64,31.75,31.17,31.75,14112031,0
20141219,31.76,32.93,31.75,32.81,18990938,0
20141222,32.63,33.31,32.62,33.23,13243664,0
20141223,33.48,33.70,33.38,33.56,8469548,0
20141224,33.53,33.59,33.24,33.43,4496025,0
20141226,33.55,33.85,33.45,33.73,6673242,0
20141229,33.87,34.83,33.79,34.60,16654311,0
20141230,34.56,35.20,34.41,35.09,14966877,0
20141231,35.24,35.45,34.89,34.91,12279685,0
20150102,35.27,35.31,34.41,34.84,9756706,0
20150105,34.98,35.25,34.07,34.33,16223019,0
20150106,34.41,35.22,34.10,34.85,17747573,0
20150107,35.23,35.95,35.04,35.84,19319169,0
20150108,36.06,36.45,35.80,36.20,15206551,0
20150109,36.21,36.37,35.41,35.59,14690589,0
20150112,35.81,35.94,35.47,35.84,10656713,0
20150113,36.08,36.40,34.68,35.25,21893453,0
20150114,34.36,34.57,33.59,34.30,27901338,0
20150115,34.78,34.87,33.38,33.43,19437427,0
20150116,33.31,33.79,33.27,33.68,17780004,0
20150120,33.90,34.01,33.35,33.93,12052466,0
20150121,33.82,34.12,33.52,33.89,14349944,0
20150122,34.15,34.18,33.31,33.82,14261091,0
20150123,33.90,34.18,33.71,33.75,13990222,0
20150126,33.71,34.04,33.60,33.70,10824806,0
20150127,33.40,33.69,33.15,33.42,14793333,0
20150128,33.51,33.57,32.75,32.84,16936184,0
20150129,32.91,33.34,32.36,33.16,15819211,0
20150130,32.88,33.15,32.62,32.62,19166536,0
20150202,32.67,33.15,32.44,33.11,18396981,0
20150203,33.50,34.20,33.44,33.98,26206992,0
20150204,35.27,35.98,34.15,35.83,49298111,0
20150205,36.28,36.60,36.01,36.25,20854860,0
20150206,36.26,36.54,35.92,36.00,16320448,0
20150209,35.79,36.10,35.51,36.00,14797519,0
20150210,37.28,37.55,36.40,37.52,32369377,0
20150211,37.51,37.86,37.28,37.67,22633984,0
20150212,37.85,38.18,37.73,38.02,15537409,0
20150213,37.93,38.07,37.35,37.62,14696328,0
20150217,37.20,37.47,37.05,37.24,13147128,0
20150218,37.25,37.47,37.13,37.17,8513289,0
20150219,37.03,37.61,36.98,37.51,11780752,0
20150220,37.49,37.72,37.16,37.65,9345203,0
20150223,37.62,37.77,37.33,37.69,10970972,0
20150224,37.62,37.91,37.58,37.75,8562371,0
20150225,37.79,37.96,37.61,37.86,11161472,0
20150226,37.81,38.13,37.51,37.56,10708173,0
20150227,37.38,37.45,37.11,37.31,10490184,0
20150302,37.41,37.71,37.36,37.61,11234205,0
20150303,37.38,37.81,37.30,37.80,10036013,0
20150304,37.63,37.80,37.30,37.57,12736383,0
20150305,37.64,37.82,37.56,37.61,6620673,0
20150306,37.46,37.55,36.73,36.84,13764204,0
20150309,37.55,37.81,37.32,37.66,22979347,0
20150310,37.43,37.78,37.15,37.55,20314007,0
20150311,37.60,38.13,37.52,37.78,13191640,0
20150312,37.86,38.47,37.84,38.43,13985996,0
20150313,38.39,38.39,37.73,38.05,11404195,0
20150316,38.27,38.60,38.21,38.58,11218995,0
20150317,38.15,38.47,38.06,38.29,9702673,0
20150318,38.17,38.60,37.78,38.50,19015621,0
20150319,38.45,38.78,38.29,38.65,11255677,0
20150320,38.76,38.93,38.55,38.87,19769673,0
20150323,38.81,38.99,38.59,38.59,11656895,0
20150324,38.52,38.52,37.75,37.85,15855925,0
20150325,37.88,37.91,37.37,37.38,10209799,0
20150326,37.70,37.91,37.15,37.35,13814459,0
20150327,37.34,37.48,37.08,37.31,9237616,0
20150330,37.58,37.87,37.53,37.68,9980316,0
20150331,37.68,38.04,37.47,37.50,12633373,0
20150401,37.27,37.37,36.56,36.74,16631209,0
20150402,36.61,36.73,36.33,36.50,16517696,0
20150406,36.26,36.97,36.21,36.66,13178964,0
20150407,35.99,36.09,35.64,35.73,56224010,0
20150408,35.89,36.19,35.75,36.11,27460319,0
20150409,36.10,36.39,36.03,36.29,15475319,0
20150410,36.74,36.78,36.37,36.57,16768879,0
20150413,36.63,36.86,36.38,36.40,13530698,0
20150414,36.46,36.82,36.44,36.48,12989688,0
20150415,36.82,37.08,36.65,36.94,13734922,0
20150416,37.13,37.18,36.74,37.08,12225840,0
20150417,36.83,36.85,36.50,36.64,14375154,0
20150420,36.95,37.17,36.75,37.11,13880809,0
20150421,37.33,37.45,36.83,37.16,17130529,0
20150422,37.13,37.22,36.67,37.16,16025077,0
20150423,36.25,36.30,35.58,35.92,41820353,0
20150424,35.72,35.81,35.44,35.59,21252471,0
20150427,35.65,35.95,35.56,35.78,15497419,0
20150428,35.75,35.96,35.17,35.72,14857492,0
20150429,35.50,35.70,35.24,35.51,11907293,0
20150430,35.26,35.43,34.93,35.06,15784462,0
20150501,35.17,35.47,34.81,35.42,15307418,0
20150504,35.50,35.72,35.40,35.40,12020149,0
20150505,35.40,35.52,34.99,35.01,11068061,0
20150506,35.14,35.23,34.55,34.77,13076231,0
20150507,34.64,35.03,34.55,34.88,14033685,0
20150508,35.05,35.46,35.03,35.32,12787003,0
20150511,35.30,35.59,35.17,35.22,8833144,0
20150512,34.96,34.96,34.51,34.74,14049298,0
20150513,34.78,34.97,34.71,34.80,9197485,0
20150514,35.00,35.04,34.53,34.65,12645342,0
20150515,34.70,34.98,34.70,34.91,9186817,0
20150518,34.97,35.21,34.85,35.05,10285676,0
20150519,35.17,35.24,34.96,35.12,9856696,0
20150520,35.24,35.30,34.66,35.02,12926284,0
20150521,35.00,35.66,35.00,35.58,16015976,0
20150522,35.52,35.74,35.42,35.70,9648182,0
20150526,35.45,35.60,35.43,35.52,12566344,0
20150527,35.52,35.81,35.43,35.81,10058319,0
20150528,36.11,36.48,35.97,36.39,18063918,0
20150529,36.49,36.58,35.85,35.97,15806269,0
20150601,36.06,36.34,35.65,36.18,12012462,0
20150602,36.09,36.50,35.97,36.22,16948315,0
20150603,36.37,36.42,35.87,35.94,12817148,0
20150604,35.66,35.87,35.47,35.54,10538543,0
20150605,35.50,35.55,34.96,35.12,24629237,0
20150608,34.86,35.12,34.80,34.99,15636138,0
20150609,35.11,35.32,35.00,35.26,12900991,0
20150610,35.45,35.62,35.29,35.59,11402184,0
20150611,35.72,36.01,35.55,35.55,16819022,0
20150612,35.38,35.90,35.38,35.71,11170195,0
20150615,35.35,35.73,35.01,35.46,14015996,0
20150616,35.36,35.78,35.17,35.61,6639180,0
20150617,35.68,35.81,35.28,35.81,10286618,0
20150618,35.87,36.48,35.85,36.20,15490867,0
20150619,36.12,36.33,35.95,36.11,14831298,0
20150622,36.29,36.54,36.13,36.19,13783010,0
20150623,36.37,36.48,36.27,36.30,7279864,0
20150624,35.91,35.97,35.11,35.16,16929980,0
20150625,35.21,35.32,34.57,34.70,14593147,0
20150626,34.70,34.82,34.28,34.38,11632835,0
20150629,34.12,34.17,33.20,33.23,18717724,0
20150630,33.50,33.57,33.06,33.33,12911835,0
20150701,33.61,33.61,32.68,33.04,16169466,0
20150702,33.19,33.45,33.06,33.23,8646353,0
20150706,32.85,33.12,32.61,32.65,10433065,0
20150707,32.62,32.95,32.01,32.86,18589264,0
20150708,32.39,32.41,30.94,31.19,29971354,0
20150709,31.62,31.75,30.92,31.01,16934186,0
20150710,31.30,31.42,30.99,31.40,12237837,0
20150713,31.87,31.90,31.46,31.68,16327095,0
20150714,31.59,31.99,31.43,31.77,10832907,0
20150715,31.85,31.90,31.30,31.43,18021954,0
20150716,31.14,31.20,30.31,30.61,35920701,0
20150717,30.64,30.80,30.43,30.65,16230161,0
20150720,30.85,30.85,30.42,30.50,15643919,0
20150721,30.51,30.56,30.32,30.39,23472070,0
20150722,30.33,30.52,29.89,30.30,20867839,0
20150723,32.66,32.70,31.40,31.50,38967572,0
20150724,31.90,31.94,30.82,31.06,22967563,0
20150727,30.95,31.32,30.60,31.05,23336099,0
20150728,31.49,31.64,31.22,31.32,23184413,0
20150729,31.48,32.06,31.43,31.95,20632721,0
20150730,31.89,32.05,31.75,31.91,10123323,0
20150731,32.08,32.13,31.43,31.51,12399288,0
20150803,31.79,31.89,31.31,31.68,14800618,0
20150804,31.66,31.76,31.39,31.52,15105905,0
20150805,31.77,31.77,31.20,31.60,14403562,0
20150806,31.59,31.93,31.14,31.86,19567910,0
20150807,32.09,32.14,31.60,31.74,12959962,0
20150810,31.95,32.25,31.86,31.94,11676370,0
20150811,31.29,31.31,30.59,30.83,24340252,0
20150812,30.43,31.00,29.79,30.87,23199214,0
20150813,30.87,31.25,30.81,31.06,20432418,0
20150814,31.14,31.55,31.06,31.49,12222383,0
20150817,31.47,31.68,31.17,31.61,12057857,0
20150818,31.41,31.77,31.34,31.71,9279790,0
20150819,31.61,32.05,31.37,31.63,13919072,0
20150820,31.46,31.46,30.83,30.84,13352528,0
20150821,30.46,30.53,29.57,29.60,27542241,0
20150824,27.30,28.90,24.62,27.80,35740445,0
20150825,29.20,29.20,27.28,27.28,19966220,0
20150826,27.62,28.20,26.90,28.10,27717284,0
20150827,28.52,28.82,28.02,28.58,28498937,0
20150828,28.60,29.14,28.53,29.00,15167282,0
20150831,29.09,29.68,29.02,29.44,16283903,0
20150901,29.18,29.37,28.40,28.64,16687443,0
20150902,29.01,29.22,28.61,29.21,10776310,0
20150903,29.38,29.71,29.02,29.11,11504177,0
20150904,28.78,29.04,28.57,28.88,13435323,0
20150908,29.50,29.94,29.50,29.88,19298906,0
20150909,30.20,30.40,29.52,29.62,16053641,0
20150910,29.19,30.47,29.19,30.00,18671984,0
20150911,30.01,30.20,29.58,30.15,15344690,0
20150914,30.11,30.77,30.06,30.72,20148928,0
20150915,30.77,31.55,30.76,30.99,22400699,0
20150916,31.08,31.57,30.92,31.20,17076644,0
20150917,31.25,31.81,31.13,31.31,16644558,0
20150918,30.98,31.12,30.47,30.51,31085678,0
20150921,30.67,30.95,30.38,30.62,14325611,0
20150922,29.42,30.06,29.41,30.03,17190217,0
20150923,30.01,30.14,29.58,29.72,11277103,0
20150924,29.41,29.51,28.76,29.44,19687564,0
20150925,29.79,29.84,29.23,29.41,13369419,0
20150928,29.29,29.32,28.44,28.56,15648949,0
20150929,28.66,29.29,28.38,29.15,17043675,0
20150930,29.62,30.10,29.38,30.02,18931872,0
20151001,30.29,30.75,29.98,30.67,18261874,0
20151002,30.20,31.76,30.16,31.73,16596611,0
20151005,31.90,32.16,31.52,31.76,15407473,0
20151006,31.81,32.38,31.81,32.22,14214878,0
20151007,32.45,33.19,32.41,33.05,15761035,0
20151008,32.95,33.51,32.86,33.43,12909802,0
20151009,33.34,33.63,32.79,32.95,14169091,0
20151012,33.04,33.16,32.62,33.02,10766373,0
20151013,32.85,33.37,32.71,33.13,11789280,0
20151014,33.20,33.50,32.92,33.33,11974025,0
20151015,33.55,33.66,33.16,33.32,10844287,0
20151016,33.37,33.46,32.88,33.15,9445809,0
20151019,33.00,33.29,32.80,33.24,10084557,0
20151020,33.18,33.88,33.08,33.48,11848337,0
20151021,34.96,35.87,34.72,35.42,37243555,0
20151022,35.64,35.79,34.97,35.42,22708138,0
20151023,35.54,36.06,35.41,35.95,18277810,0
20151026,35.90,35.94,35.26,35.67,14010782,0
20151027,35.39,35.49,34.74,34.97,15536048,0
20151028,34.99,35.30,34.65,35.22,9668647,0
20151029,35.04,35.05,34.11,34.75,12087595,0
20151030,34.85,35.20,34.46,34.91,10723880,0
20151102,34.88,35.75,34.86,35.57,11858442,0
20151103,35.53,35.99,35.36,35.78,15144876,0
20151104,35.83,35.92,35.38,35.42,12716625,0
20151105,35.53,35.56,35.19,35.44,7679749,0
20151106,35.32,35.80,35.26,35.75,9376920,0
20151109,35.98,36.12,35.44,35.67,9997563,0
20151110,35.54,35.63,35.16,35.62,9687165,0
20151111,35.74,36.01,35.52,35.55,6751848,0
20151112,35.34,35.48,35.02,35.09,10650903,0
20151113,34.97,35.17,34.19,34.31,12090637,0
20151116,34.31,35.22,34.29,35.17,14599137,0
20151117,35.24,35.59,35.01,35.21,11748220,0
20151118,35.40,36.48,35.30,36.46,14866315,0
20151119,36.43,36.47,36.07,36.14,9760791,0
20151120,36.31,36.42,36.01,36.34,10793241,0
20151123,36.39,36.87,36.06,36.08,9849298,0
20151124,35.76,36.33,35.69,36.22,10346858,0
20151125,36.15,36.42,36.11,36.34,7292811,0
20151127,36.36,36.49,36.22,36.37,2899286,0
20151130,36.60,36.88,36.19,36.20,13959440,0
20151201,35.95,36.34,35.80,36.26,12656421,0
20151202,36.31,36.36,35.62,35.73,9715093,0
20151203,35.83,36.00,35.23,35.47,10795824,0
20151204,35.60,36.34,35.37,36.25,11562608,0
20151207,36.46,36.52,35.99,36.13,11303523,0
20151208,35.83,35.87,35.23,35.48,11905410,0
20151209,35.30,35.70,34.86,35.45,11691971,0
20151210,35.25,35.89,35.18,35.63,8827017,0
20151211,35.14,35.41,34.27,34.55,16271223,0
20151214,34.78,34.84,34.05,34.39,13793061,0
20151215,34.75,34.96,34.30,34.54,13874284,0
20151216,34.35,35.17,34.25,35.14,14771628,0
20151217,35.15,35.27,34.06,34.11,14448386,0
20151218,33.96,34.06,33.54,33.67,19469523,0
20151221,33.79,34.06,33.59,33.83,12819957,0
20151222,34.21,34.49,34.07,34.29,9202919,0
20151223,34.51,34.94,34.38,34.78,8816663,0
20151224,34.72,34.75,34.50,34.60,3134813,0
20151228,34.53,34.67,34.30,34.51,5348620,0
20151229,34.66,34.69,34.17,34.50,7056413,0
20151230,34.32,34.56,34.28,34.33,4694546,0
20151231,34.21,34.30,34.00,34.01,6585989,0
20160104,33.45,33.54,32.84,33.31,14875501,0
20160105,33.33,33.41,32.18,32.43,19777228,0
20160106,31.95,31.98,31.01,31.27,27515240,0
20160107,30.26,30.82,29.83,29.99,21046302,0
20160108,30.46,30.70,29.42,29.53,16447961,0
20160111,30.37,30.48,29.68,30.25,16877360,0
20160112,30.63,30.75,29.80,30.30,13398935,0
20160113,31.83,31.90,30.09,30.49,31586233,0
20160114,30.81,30.89,29.45,30.30,27106701,0
20160115,29.46,29.68,28.80,29.57,26698065,0
20160119,29.93,30.00,28.91,29.40,17826616,0
20160120,28.86,29.90,28.32,29.42,21481016,0
20160121,29.46,30.14,29.07,29.55,15844027,0
20160122,30.16,30.29,29.03,29.28,18302779,0
20160125,29.33,29.59,29.01,29.23,33627693,0
20160126,29.41,29.75,29.04,29.65,11656659,0
20160127,29.72,29.90,29.00,29.21,12932288,0
20160128,29.47,29.48,28.40,29.02,16421233,0
20160129,29.17,29.64,29.02,29.64,13445773,0
20160201,29.46,30.24,29.10,30.11,13831720,0
20160202,29.99,30.19,28.87,29.65,23777366,0
20160203,30.10,30.25,28.18,28.92,29069803,0
20160204,28.94,29.21,28.10,28.64,21002766,0
20160205,28.67,29.20,28.42,28.54,14125220,0
20160208,28.28,28.84,28.05,28.68,19173955,0
20160209,28.13,28.87,27.77,27.87,21654057,0
20160210,28.12,28.64,27.69,27.71,15163799,0
20160211,27.48,28.09,26.69,26.90,25164380,0
20160212,27.23,27.74,27.05,27.71,11041024,0
20160216,28.00,28.59,27.76,28.58,14627535,0
20160217,28.86,29.35,28.70,29.27,13256130,0
20160218,29.45,29.55,28.92,29.03,12158635,0
20160219,28.88,28.98,28.38,28.78,12362341,0
20160222,29.18,29.64,29.03,29.63,12215478,0
20160223,29.41,29.82,29.28,29.38,9949641,0
20160224,28.72,28.90,27.81,28.84,20989095,0
20160225,28.83,29.51,28.55,29.50,11904323,0
20160226,29.73,29.96,29.54,29.63,15777809,0
