DATE, OPEN, HIGH, LOW, CLOSE, VOL, p
20121002,28.4200,28.4800,27.3900,28.0080,0,0
20121003,28.1800,28.2900,27.7300,27.8300,0,0
20121004,27.8700,28.2100,27.8700,28.0600,16755841,0
20121005,28.2499,28.3700,27.7400,27.8100,17510996,0
20121008,27.8500,27.9000,27.4800,27.5500,17349997,0
20121009,27.5500,27.6200,27.2800,27.3600,16490020,0
20121010,27.5299,27.5299,27.1000,27.2500,24585112,0
20121011,27.3000,27.4100,27.1500,27.2400,13683384,0
20121012,27.3600,27.4000,27.1600,27.2200,11924319,0
20121015,27.4800,27.5000,27.1933,27.2200,12531305,0
20121016,27.4600,27.5000,26.9500,27.1700,16146284,0
20121017,27.0400,27.5000,27.0400,27.4500,11272486,0
20121018,27.5000,27.5600,27.3500,27.4186,8467867,0
20121019,27.4000,27.4400,26.9200,27.0100,16386826,0
20121022,27.0199,27.1300,26.8500,27.0000,13508156,0
20121023,26.7700,26.9400,26.5400,26.6800,11200907,0
20121024,26.7600,26.7600,26.4500,26.5300,10087936,0
20121025,26.6800,26.7900,26.3800,26.4700,11862366,0
20121026,26.4300,26.6400,26.1800,26.6000,16938633,0
20121031,26.7500,26.7900,26.3000,26.5500,11584969,0
20121101,26.6800,26.8500,26.5000,26.8000,10575804,0
20121102,26.8000,26.8000,26.2400,26.2800,27083599,0
20121105,26.2000,26.4600,26.0500,26.4100,12650243,0
20121106,26.0200,26.6300,26.0000,26.4900,14191205,0
20121107,26.2500,26.4200,26.0700,26.2500,12984028,0
20121108,25.8000,26.5900,25.7600,26.1093,32929025,0
20121109,26.0000,26.2300,25.7600,26.0200,19267177,0
20121112,26.0800,26.1700,25.9000,25.9600,8989471,0
20121113,25.8400,26.0500,25.7400,25.7407,12950598,0
20121114,25.7601,25.8100,25.1000,25.1450,18397581,0
20121115,25.0300,25.1800,24.5000,25.1100,18821574,0
20121116,25.1100,25.6000,25.0300,25.5608,18299055,0
20121119,25.8200,25.9100,25.5200,25.8305,10347205,0
20121120,26.0100,26.0400,25.5000,25.5400,11338694,0
20121121,25.7100,25.9000,25.2700,25.4100,14003511,0
20121123,25.4200,25.6500,25.2850,25.6200,5904210,0
20121126,25.5000,25.5900,25.3900,25.5100,10652738,0
20121127,25.5500,25.6100,25.2500,25.2700,9617640,0
20121128,25.1600,25.7000,25.1600,25.6600,14624674,0
20121129,25.7700,25.8000,25.5300,25.7800,12909673,0
20121130,25.7100,25.9900,25.7100,25.8900,11633518,0
20121203,26.0200,26.0200,25.5800,25.6700,8830196,0
20121204,25.7100,25.8800,25.6000,25.7500,9863054,0
20121205,25.7100,25.9000,25.4600,25.4900,12819936,0
20121206,25.5500,25.6500,25.4000,25.5200,7587356,0
20121207,25.6600,25.7400,25.3000,25.5800,10582797,0
20121210,25.6200,26.1000,25.6100,25.9400,11371987,0
20121211,26.0200,26.2300,25.9800,26.1300,11757926,0
20121212,26.0700,26.2000,25.8100,26.0400,10340641,0
20121213,26.0000,26.1700,25.7500,26.1000,10519041,0
20121214,26.1000,26.1200,25.9800,26.0400,8332418,0
20121217,26.0100,26.1600,25.9100,26.0500,12604607,0
20121218,26.0300,26.1600,25.7400,25.8900,19123722,0
20121219,25.8800,26.0800,25.7900,25.9400,12736842,0
20121220,25.9500,26.0800,25.8550,26.0700,10273373,0
20121221,25.7500,25.8100,25.4700,25.7600,20081080,0
20121224,25.6900,25.8000,25.6000,25.6700,2615368,0
20121226,25.6100,25.7400,25.3500,25.3850,5123632,0
20121227,25.2200,25.4300,25.0600,25.3600,8966526,0
20121228,25.1800,25.3700,25.1500,25.2600,8600414,0
20121231,25.0400,25.4900,25.0000,25.4532,10603273,0
20130102,25.8400,26.6900,25.7800,26.6700,17615593,0
20130103,26.7000,26.7700,26.4900,26.6400,8836260,0
20130104,26.7000,26.8300,26.5500,26.7400,7687227,0
20130107,26.6200,26.7400,26.5500,26.6600,7385772,0
20130108,26.5200,26.9200,26.4600,26.6800,14189491,0
20130109,26.7900,27.0800,26.6800,27.0500,11628362,0
20130110,27.1300,27.3400,27.0900,27.3100,16067237,0
20130111,27.3500,27.5400,27.2500,27.4200,10000032,0
20130114,27.4600,27.5200,27.1700,27.4800,8650650,0
20130115,27.5800,27.7400,27.3400,27.7100,9780121,0
20130116,27.7500,27.9200,27.5800,27.8200,9029592,0
20130117,27.8400,28.0800,27.7700,28.0550,23685611,0
20130118,27.9700,28.1000,27.8200,28.0800,15811320,0
20130122,27.7300,28.0400,27.3000,27.5600,18117718,0
20130123,27.5000,27.8900,27.3500,27.7900,14391795,0
20130124,27.9300,28.0299,27.6400,27.8300,14086588,0
20130125,27.8300,27.8900,27.6900,27.7800,11918645,0
20130128,27.8800,27.9300,27.6200,27.8100,6184264,0
20130129,27.5400,27.9250,27.5400,27.8300,6128958,0
20130130,27.8300,27.9800,27.6650,27.7300,5730317,0
20130131,27.6500,27.9500,27.6500,27.7900,7254412,0
20130201,28.0000,28.3200,27.9300,28.2200,9526424,0
20130204,28.0100,28.1500,27.8300,27.8800,8820309,0
20130205,27.9500,28.1100,27.8450,27.9500,10837362,0
20130206,27.9000,28.1300,27.8000,28.0000,10726798,0
20130207,27.6400,28.0750,27.5800,28.0400,14269638,0
20130208,27.8000,28.1000,27.7500,27.7600,10871464,0
20130211,27.7300,27.8000,27.6300,27.7500,9770619,0
20130212,27.7000,27.8300,27.2700,27.6800,14691013,0
20130213,27.7400,27.8100,27.4550,27.7500,13753318,0
20130214,26.6900,27.0200,26.4500,26.5700,36621603,0
20130215,26.8400,27.0700,26.6000,26.7200,21099886,0
20130219,26.7500,27.1900,26.7500,26.9600,17077216,0
20130220,27.0700,27.1500,26.9500,27.0250,16077295,0
20130221,26.9900,27.0450,26.6350,26.8200,15888855,0
20130222,26.8900,27.1300,26.7300,26.7700,16498172,0
20130225,26.7900,27.0800,26.4800,26.4900,15384673,0
20130226,26.5300,26.9800,26.5100,26.9500,13630378,0
20130227,26.8600,27.6700,26.8600,27.5700,13751077,0
20130228,27.5400,27.8550,27.5300,27.6400,14085736,0
20130301,26.9400,27.8550,26.9400,27.8100,17092053,0
20130304,27.7000,28.4400,27.6100,28.2750,20832480,0
20130305,28.3600,28.6700,28.3300,28.5100,17343613,0
20130306,28.5000,28.6700,28.4500,28.5200,9599182,0
20130307,28.6700,28.6800,28.4400,28.5500,11703980,0
20130308,28.6200,28.7500,28.3900,28.5800,7964288,0
20130311,28.5400,28.5800,28.4200,28.4300,8275459,0
20130312,28.4900,28.5500,28.1600,28.2100,12460509,0
20130313,28.3000,28.5100,28.2100,28.4700,8379825,0
20130314,28.5000,28.5500,28.3400,28.5250,8261134,0
20130315,28.4500,28.6800,28.3600,28.4100,18753223,0
20130318,28.2600,28.4650,28.0700,28.3100,7671996,0
20130319,28.2900,28.5400,28.1650,28.3400,7606649,0
20130320,28.5900,28.7200,28.4200,28.6900,8347197,0
20130321,28.5800,28.7400,28.4100,28.5600,10429540,0
20130322,29.3200,30.1225,29.2700,29.7300,33231808,0
20130325,29.9500,30.3000,29.7000,29.8800,18926116,0
20130326,29.9800,30.3000,29.8400,30.2900,10618312,0
20130327,29.9100,30.3800,29.8700,30.3500,13612275,0
20130328,30.4400,30.6600,30.2200,30.6150,13783266,0
20130401,30.4200,30.8100,30.3800,30.6800,7861104,0
20130402,30.6700,30.9500,30.6400,30.8000,9331417,0
20130403,30.7600,30.8300,30.1000,30.2900,12301917,0
20130404,30.4000,30.4100,30.2200,30.2750,7894848,0
20130405,29.8800,30.2100,29.8400,30.0300,10346562,0
20130408,30.1500,30.2000,29.9200,30.1500,15212109,0
20130409,30.1200,30.2400,29.9300,30.1300,8325981,0
20130410,30.1700,30.3550,30.1450,30.2250,13425671,0
20130411,30.5300,30.6500,30.3300,30.3450,12220181,0
20130412,30.5400,30.5800,30.2700,30.5500,7614669,0
20130415,30.6800,30.7500,30.1500,30.1900,10587953,0
20130416,30.2000,30.7300,30.2000,30.6300,8560660,0
20130417,30.3900,30.5200,29.7500,29.8200,14070053,0
20130418,29.7900,30.1600,29.7300,30.1000,11893269,0
20130419,30.1400,31.8000,30.0500,31.6850,24056706,0
20130422,31.4000,31.6500,31.2600,31.5300,12798889,0
20130423,31.5600,32.0200,31.5000,31.8600,13176445,0
20130424,32.0300,32.1000,31.4200,31.4600,10416164,0
20130425,31.6600,31.8300,31.4800,31.6800,10654128,0
20130426,31.7800,31.8000,31.4400,31.5550,9777283,0
20130429,31.5200,31.6600,31.3500,31.6200,7102611,0
20130430,31.5100,31.6900,31.3000,31.4500,9760641,0
20130501,31.3000,31.6900,31.3000,31.4600,11189453,0
20130502,31.4600,31.7400,31.3100,31.4200,7363363,0
20130503,31.6800,31.8300,31.5100,31.7300,8321093,0
20130506,31.6400,31.8000,31.1100,31.1500,9553436,0
20130507,31.0600,31.4300,31.0400,31.4100,7180069,0
20130508,31.1600,31.5000,30.6350,30.9200,22643507,0
20130509,30.9600,31.0500,30.5300,30.5800,10911112,0
20130510,30.7300,30.7800,30.4250,30.6300,14184276,0
20130513,30.5200,30.9050,30.4500,30.8300,11020425,0
20130514,30.8400,31.2700,30.8300,31.1800,13228366,0
20130515,31.2000,31.5300,31.1100,31.5000,6459645,0
20130516,31.4000,31.6800,31.2000,31.4600,10864743,0
20130517,31.4100,31.6200,31.1500,31.5000,11867571,0
20130520,31.4900,31.5100,30.7400,30.8000,10014830,0
20130521,30.9200,31.0100,30.5900,31.0050,7004918,0
20130522,30.9400,31.9900,30.9000,31.7700,18225159,0
20130523,31.4300,31.7600,30.9800,31.2300,14899143,0
20130524,31.0000,31.3300,30.7600,30.9500,10584165,0
20130528,31.2300,31.9200,31.1100,31.2800,10013694,0
20130529,31.0800,31.2100,30.2700,30.2800,14006450,0
20130530,30.0500,30.1700,29.5800,29.6000,17634456,0
20130531,29.3900,29.8400,29.2100,29.4750,17823174,0
20130603,29.4700,29.7500,29.2100,29.7400,8659683,0
20130604,29.9200,30.0600,29.3600,29.5700,9573610,0
20130605,29.4500,29.5900,29.3300,29.4700,7452662,0
20130606,29.5100,29.5800,29.0750,29.2900,10478393,0
20130607,29.5400,29.9600,29.3100,29.8600,8678257,0
20130610,29.8400,30.1800,29.4600,29.5800,10068903,0
20130611,29.9400,29.9700,29.2100,29.8000,11324241,0
20130612,30.0000,30.0500,29.4550,29.5300,8385188,0
20130613,29.4800,30.0000,29.1900,29.9700,7212228,0
20130614,29.8200,30.2300,29.6200,29.8100,7490605,0
20130617,29.9100,30.6400,29.9100,30.3400,11250623,0
20130618,30.3300,30.6100,30.2400,30.5000,5893941,0
20130619,30.4100,30.5700,29.5300,29.5300,8650999,0
20130620,29.2100,29.4400,28.2400,28.3400,15586229,0
20130621,28.6200,29.0100,28.2200,28.8450,18730809,0
20130624,28.5850,28.8600,28.4250,28.6400,9592215,0
20130625,28.8800,28.9700,28.5300,28.6200,8493331,0
20130626,28.8200,29.0400,28.6800,28.8500,8304227,0
20130627,29.0600,29.3300,28.8900,29.1500,7014767,0
20130628,28.8900,29.2000,28.5300,28.5300,11157841,0
20130701,28.7900,29.4500,28.7100,29.0450,8878187,0
20130702,28.8000,29.1650,28.6900,28.7800,6564751,0
20130703,28.5800,28.7900,28.5400,28.5800,4486671,0
20130705,28.9000,28.9900,28.5000,28.7800,6702000,0
20130708,28.9500,29.0500,28.6900,28.7500,9015125,0
20130709,29.0400,29.1700,28.7350,29.0400,7540926,0
20130710,29.0300,29.2200,28.9000,29.1500,7697627,0
20130711,29.6000,30.2000,29.4500,30.1650,8790918,0
20130712,30.1600,30.4150,30.0300,30.3600,8808476,0
20130715,30.4700,30.5000,30.0900,30.1800,7668139,0
20130716,30.1000,30.1800,29.7500,29.8650,7535710,0
20130717,30.1300,31.1800,29.8450,30.5000,19438350,0
20130718,30.5900,30.9100,30.3800,30.5800,13026606,0
20130719,30.5900,30.7100,30.1850,30.6900,9461961,0
20130722,30.6900,31.3700,30.4500,30.7000,8093483,0
20130723,30.7700,31.3200,30.6950,31.0800,12078489,0
20130724,31.0500,31.1000,30.6000,30.8000,8988113,0
20130725,30.5700,31.1900,30.5300,31.1400,6202860,0
20130726,30.8300,31.5950,30.8000,31.5800,9655135,0
20130729,31.4500,31.7000,31.2600,31.6100,7864689,0
20130730,31.8100,31.8600,30.9900,31.0500,11762208,0
20130731,31.0400,31.5000,31.0000,31.2700,8265146,0
20130801,31.5700,31.7800,31.3100,31.7100,6223299,0
20130802,31.6700,32.0000,31.4800,31.9430,6146851,0
20130805,31.7600,31.8600,31.4810,31.7700,5340025,0
20130806,31.5300,31.9200,31.5000,31.8600,6548403,0
20130807,31.9100,31.9100,31.1400,31.2600,10499852,0
20130808,31.9500,32.9100,31.5700,32.7000,18990353,0
20130809,32.5000,32.7000,31.9700,32.1600,6971400,0
20130812,31.9600,32.0900,31.5950,31.8800,8275799,0
20130813,32.0000,32.3200,31.8900,32.0800,6877879,0
20130814,31.9600,31.9900,31.5900,31.6000,7548600,0
20130815,31.2600,31.3400,30.9150,31.1700,13386611,0
20130816,31.0600,31.1750,30.7300,30.9600,10691542,0
20130819,30.9900,31.0250,30.6000,30.6600,8268531,0
20130820,30.7000,31.0300,30.5900,30.7500,6727289,0
20130821,30.7000,31.0100,30.4600,30.5200,9531170,0
20130822,30.5700,32.5600,30.4000,31.1000,8721065,0
20130823,31.2000,31.4550,30.9500,31.3100,7485072,0
20130826,31.2200,31.3000,30.6450,30.7150,7365846,0
20130827,30.5000,30.8100,30.4000,30.7000,6572866,0
20130828,30.6000,30.9000,30.1800,30.5500,7785202,0
20130829,30.3400,30.8700,30.1500,30.7000,7808049,0
20130830,30.6400,30.9800,30.5500,30.6700,6986951,0
20130903,31.1400,31.2400,30.5300,30.7900,8470625,0
20130904,30.6900,31.1900,30.6650,30.8800,10239415,0
20130905,30.8800,30.9500,30.7000,30.7400,6365284,0
20130906,30.9000,31.2150,30.4300,30.9400,7485247,0
20130909,30.9100,31.1500,30.7900,31.1100,6083920,0
20130910,31.3300,31.4600,30.6900,31.0400,7057211,0
20130911,31.2900,31.3400,30.7500,31.2900,7776658,0
20130912,31.3400,31.3750,31.0800,31.2700,8133412,0
20130913,31.3300,31.5700,31.2100,31.5500,6387382,0
20130916,31.7300,31.9600,31.6400,31.8600,9304771,0
20130917,31.7800,32.0950,31.6700,31.9800,6946784,0
20130918,31.9000,32.9300,31.8400,32.7300,9533959,0
20130919,32.7700,33.0800,32.5000,32.9400,10960910,0
20130920,32.9000,32.9000,32.2550,32.3000,13616298,0
20130923,31.7700,32.3400,31.7000,31.9450,9335393,0
20130924,31.9500,32.3500,31.9000,32.0550,6208163,0
20130925,30.0500,32.3500,30.0500,32.1000,9160559,0
20130926,32.0400,32.1200,31.8200,31.9700,4707062,0
20130927,31.7200,32.1100,31.6600,31.8000,6013825,0
20130930,31.4900,31.8000,30.8800,31.4210,8287483,0
20131001,31.3100,31.4100,30.6600,30.8500,13054343,0
20131002,30.7200,30.8500,30.0650,30.6500,12353693,0
20131003,30.5400,30.6900,30.3400,30.5400,7663554,0
20131004,30.4800,31.1300,30.4800,30.8600,7488994,0
20131007,30.4900,30.9100,30.3300,30.7600,5469552,0
20131008,30.7900,31.0550,30.6800,30.6900,7380243,0
20131009,30.8400,30.9900,30.5500,30.6100,6276577,0
20131010,30.9200,31.3500,30.7600,31.2000,6741758,0
20131011,31.1700,31.2200,30.6900,30.8510,11633290,0
20131014,30.7600,30.9100,30.4200,30.6800,13205512,0
20131015,30.7300,30.8400,30.4200,30.5600,7264781,0
20131016,30.8500,31.5000,30.7206,31.4350,9106015,0
20131017,31.3300,32.3450,31.1700,32.2900,9893844,0
20131018,32.2800,32.4900,32.0800,32.4450,9496927,0
20131021,32.3600,32.5000,32.2800,32.4900,6222141,0
20131022,32.5800,33.5800,32.4800,33.2610,10237705,0
20131023,33.1000,33.3500,33.0500,33.1090,9357063,0
20131024,33.0900,33.2800,32.8200,33.2500,6168289,0
20131025,33.3600,33.5000,33.0100,33.4800,5954365,0
20131028,33.3400,33.8900,33.3200,33.5700,8046782,0
20131029,33.7200,33.9300,33.5500,33.9000,6133136,0
20131030,34.0000,34.1000,33.6450,33.8350,8408170,0
20131031,33.7500,33.9700,33.2900,33.6500,11428294,0
20131101,33.7500,33.7900,33.4200,33.5900,7627869,0
20131104,33.6300,33.8700,33.3300,33.6100,7038296,0
20131105,33.4100,33.6600,33.2400,33.4400,5128134,0
20131106,33.1600,33.4950,32.9900,33.4400,8592382,0
20131107,33.2300,33.2300,31.7900,32.0900,20728472,0
20131108,32.0300,32.8200,31.7600,32.6800,13326705,0
20131111,32.7200,32.8900,32.2899,32.3650,11372416,0
20131112,32.3300,32.5100,32.0700,32.4300,6847249,0
20131113,33.2400,33.3300,32.6800,33.3100,12625367,0
20131114,33.4200,34.2500,33.3100,34.1600,12867604,0
20131115,33.9900,34.3000,33.8400,34.0500,11214968,0
20131118,33.9800,34.2100,33.8300,33.9600,7281419,0
20131119,33.6600,34.0650,33.5200,33.7200,5233522,0
20131120,33.7700,34.0100,33.4300,33.4900,6315770,0
20131121,33.5300,33.9500,33.3800,33.8500,5804491,0
20131122,33.6200,34.1600,33.5800,33.8900,7043949,0
20131125,34.0900,34.1400,33.5400,33.6100,6272565,0
20131126,33.6800,34.2000,33.6000,33.8900,7154806,0
20131127,33.8000,34.0400,33.5000,33.9800,5592688,0
20131129,33.7300,33.9750,33.1400,33.5300,4172076,0
20131202,33.6000,33.6600,33.2200,33.4400,5576886,0
20131203,34.0000,34.3900,33.6900,33.9000,10141252,0
20131204,33.5700,34.3100,33.4200,34.2700,8362180,0
20131205,34.0900,34.4450,33.8500,34.4000,8520127,0
20131206,34.8600,35.1300,34.6300,35.0900,9879982,0
20131209,35.0800,35.2000,34.6200,34.6900,10072911,0
20131210,34.6000,34.6700,34.0000,34.0600,9000529,0
20131211,34.1800,34.5000,34.0200,34.0800,7044618,0
20131212,33.8200,34.2250,33.6900,33.9800,11752286,0
20131213,34.2200,34.2300,33.7100,33.8500,6357447,0
20131216,33.8500,34.1300,33.7600,33.9800,5493302,0
20131217,33.7700,34.1300,33.7100,33.9600,7616459,0
20131218,33.9600,34.6700,33.5000,34.6400,9468078,0
20131219,34.5900,34.6300,33.9500,34.4300,10326685,0
20131220,34.3600,34.9400,34.1600,34.6700,15781541,0
20131223,34.6800,34.8700,34.5200,34.7000,5373534,0
20131224,34.6100,34.8350,34.5800,34.7200,2045876,0
20131226,34.7100,34.9800,34.6400,34.9100,4218409,0
20131227,34.9300,34.9500,34.7500,34.9100,3369897,0
20131230,34.5300,35.1500,34.5300,35.1300,3975067,0
20131231,35.2100,35.4300,34.9500,35.3000,5118211,0
20140102,35.0300,35.1980,34.7500,34.8100,6095794,0
20140103,34.7800,35.0100,34.6300,34.7500,5226648,0
20140106,34.8500,34.9400,34.3800,34.5300,6593188,0
20140107,34.5200,34.9300,34.5000,34.8100,6754615,0
20140108,34.7000,34.8600,34.5900,34.8200,9000365,0
20140109,34.5800,35.4000,34.5500,35.3600,10556628,0
20140110,35.4900,35.8400,35.2075,35.8000,12502285,0
20140113,35.5800,35.7900,35.1050,35.2000,11584525,0
20140114,34.2400,35.6300,34.2300,35.4000,8810669,0
20140115,35.3900,35.9400,35.2000,35.7000,12155433,0
20140116,35.6700,36.0483,35.3100,35.7000,13970325,0
20140117,35.4800,35.6800,34.9900,35.2500,17021303,0
20140121,34.9000,34.9020,33.9600,34.4500,27442622,0
20140122,34.5800,34.8700,34.4000,34.4500,10680312,0
20140123,34.3100,34.6700,34.1300,34.4500,9508947,0
20140124,34.4700,34.4800,33.6200,33.6500,22518709,0
20140127,33.6400,33.8600,33.4000,33.6100,8555012,0
20140128,33.5600,33.9800,33.5400,33.7300,7369860,0
20140129,33.3200,33.5000,32.9000,32.9900,14287232,0
20140130,32.9900,33.2700,32.9100,32.9300,8073084,0
20140131,32.3100,33.0500,32.2800,32.7600,10632376,0
20140203,32.8000,32.8000,32.0200,32.0800,12889618,0
20140204,32.2600,32.2900,31.8700,32.0100,9112999,0
20140205,31.8400,32.2850,31.8400,32.0900,8009472,0
20140206,32.2000,32.8000,32.1400,32.7000,7047363,0
20140207,32.9300,33.0600,32.6900,32.9300,7154097,0
20140210,32.7900,33.1400,32.7500,33.1200,4479123,0
20140211,32.9900,33.4050,32.8970,33.2800,6507261,0
20140212,33.4700,33.4700,33.0500,33.2100,7465536,0
20140213,32.8700,34.0400,32.7800,34.0100,11166908,0
20140214,33.8300,34.2800,33.7700,34.1200,8943461,0
20140218,34.2500,34.3050,33.9400,34.1900,9314408,0
20140219,34.0200,34.3500,33.9800,34.2600,8532953,0
20140220,34.2100,34.7750,34.1900,34.4800,7943327,0
20140221,34.9500,34.9500,34.3000,34.3000,8049789,0
20140224,34.2600,34.6700,34.2300,34.4000,7022944,0
20140225,34.4200,34.5000,33.9500,33.9500,12307319,0
20140226,33.9600,34.2200,33.8100,33.9200,6715446,0
20140227,33.7600,33.9390,33.6700,33.8500,9400492,0
20140228,33.3400,34.2450,33.2400,34.0300,11609876,0
20140303,33.7000,33.8800,33.5750,33.8000,7571104,0
20140304,34.0000,34.3800,33.9200,34.3100,6404055,0
20140305,33.8800,34.4900,33.8300,34.3300,8727500,0
20140306,34.4600,34.9400,34.1100,34.8800,11946570,0
20140307,34.9700,35.0900,34.6000,35.0800,10176149,0
20140310,35.1600,35.2000,34.8500,35.0800,8502233,0
20140311,35.0300,35.2800,34.9050,34.9700,7352664,0
20140312,34.6700,34.9300,34.4600,34.9000,11816864,0
20140313,35.0000,35.1200,34.3720,34.5300,10325754,0
20140314,34.2700,34.7800,34.2200,34.2500,12232099,0
20140317,34.4900,34.5200,34.0700,34.2500,11094075,0
20140318,34.2000,34.5300,34.0700,34.4001,6005651,0
20140319,34.5800,34.5899,33.8100,34.1500,10077315,0
20140320,34.1300,34.3900,33.9700,34.2600,6984910,0
20140321,34.7200,34.7200,34.0350,34.1300,20245839,0
20140324,33.4300,34.1800,33.4300,33.8400,10006484,0
20140325,34.0500,34.4600,33.9510,34.2900,7118066,0
20140326,34.4400,34.6000,34.1650,34.1700,8424895,0
20140327,33.9900,34.3800,33.9400,34.2100,7818559,0
20140328,34.3500,34.5600,34.2700,34.4000,4558412,0
20140331,34.5200,34.8900,34.4400,34.5500,7903834,0
20140401,34.7300,34.8500,34.4000,34.8200,6155477,0
20140402,34.7600,35.1400,34.7300,34.9200,6048046,0
20140403,34.9200,35.0162,34.6500,34.7700,6988712,0
20140404,35.0200,35.2000,34.4400,34.5400,9674925,0
20140407,34.4500,34.5900,34.1300,34.2250,10389205,0
20140408,34.1900,34.8544,34.1700,34.6000,9943226,0
20140409,34.5100,35.0100,34.5100,34.9500,7870779,0
20140410,34.9800,35.3400,34.6400,34.7100,8838621,0
20140411,34.5600,34.7100,34.2000,34.3100,10514976,0
20140414,34.6800,34.7500,34.1800,34.4500,8309693,0
20140415,34.6100,34.6100,34.0250,34.2600,9356492,0
20140416,34.6000,34.8000,34.3100,34.7700,10407108,0
20140417,34.6800,34.8900,34.4900,34.6500,7246410,0
20140421,34.6800,34.8500,34.6100,34.7800,3082443,0
20140422,34.6800,35.4100,34.6700,35.0300,10670711,0
20140423,34.9400,35.2500,34.9300,35.1100,4793728,0
20140424,35.1400,35.4700,35.0700,35.3000,5032683,0
20140425,35.1600,35.5000,35.0600,35.3400,6132934,0
20140428,35.4700,36.0100,35.4000,35.9400,12008793,0
20140429,36.1200,36.1200,35.4600,35.6050,8330115,0
20140430,35.4100,35.7056,35.3400,35.6500,6263324,0
20140501,35.7800,35.7900,35.3400,35.6300,4873006,0
20140502,35.9500,35.9500,35.3550,35.4800,5900411,0
20140505,35.2900,35.6800,35.2700,35.6100,5638702,0
20140506,35.2800,35.6500,35.1800,35.2200,5872488,0
20140507,37.5500,38.4700,37.5000,38.1000,23820962,0
20140508,37.7500,38.1200,37.6050,37.7900,13884728,0
20140509,37.6100,37.9700,37.5200,37.9600,8283748,0
20140512,38.0000,38.0050,37.4600,37.5900,9120189,0
20140513,37.8700,37.9800,37.6600,37.8500,6820062,0
20140514,37.6900,37.9800,37.5500,37.6000,5487510,0
20140515,37.5100,37.5999,37.1100,37.2400,6949896,0
20140516,37.2800,37.5800,37.0800,37.5100,7023443,0
20140519,37.3800,37.6000,37.3200,37.3800,4294002,0
20140520,37.4100,37.4800,37.1875,37.4200,4600217,0
20140521,37.4100,37.9800,37.4000,37.6300,4523711,0
20140522,37.6100,37.6100,37.2800,37.2900,5121404,0
20140523,37.5000,37.5100,37.1900,37.2400,4229251,0
20140527,37.2600,37.5000,37.2500,37.4300,7130097,0
20140528,37.4100,37.5000,37.2600,37.4000,7325194,0
20140529,37.4800,37.4900,37.3300,37.4800,6296790,0
20140530,37.6200,37.6700,37.3200,37.6200,9753647,0
20140602,37.5400,37.9250,37.4400,37.7700,5561224,0
20140603,37.8600,37.9300,37.5400,37.9200,4738793,0
20140604,37.8000,38.1700,37.7050,38.1600,5417910,0
20140605,38.4100,38.4100,37.9200,38.2300,6998302,0
20140606,38.4000,38.4000,38.1400,38.2300,4242928,0
20140609,38.0900,38.2550,37.9700,38.0700,3903455,0
20140610,37.9100,38.0000,37.6300,37.7500,4233663,0
20140611,37.7050,37.8100,37.4700,37.6000,4264699,0
20140612,37.6000,37.6400,37.1350,37.3100,5383709,0
20140613,37.4600,37.5600,37.3000,37.4500,4531911,0
20140616,37.3900,37.4700,37.1500,37.2500,6349901,0
20140617,37.1100,37.4400,37.0000,37.3700,7740567,0
20140618,37.2300,37.6300,37.1500,37.5600,7642012,0
20140619,37.8000,37.8100,37.3700,37.5000,6548563,0
20140620,37.6300,37.7300,37.3600,37.4900,9870439,0
20140623,37.3800,37.4900,37.0700,37.2300,5580700,0
20140624,37.1900,37.4300,37.0650,37.1400,5659235,0
20140625,37.1300,37.1700,36.9600,37.1100,8022683,0
20140626,37.3900,37.7700,37.1500,37.6300,10198896,0
20140627,37.4300,37.5800,37.1400,37.3000,8455064,0
20140630,37.1700,37.8100,37.0300,37.6100,6880655,0
20140701,37.8100,38.0700,37.5460,37.8700,5405000,0
20140702,37.8900,37.9400,37.5900,37.9100,4491757,0
20140703,38.2000,38.2900,37.7400,37.9700,2924816,0
20140707,37.9700,37.9900,37.7650,37.9500,3709538,0
20140708,37.8100,38.3900,37.8100,38.0800,6369166,0
20140709,38.1500,38.4500,37.9800,38.0100,7269133,0
20140710,37.7800,38.0500,37.6900,37.9900,4147605,0
20140711,37.7600,39.5400,37.7600,38.4200,12666060,0
20140714,38.6500,38.7500,38.3440,38.5600,6772511,0
20140715,38.4400,38.6100,38.0800,38.1000,6973889,0
20140716,38.1200,38.3100,38.0000,38.1400,5482806,0
20140717,37.9000,38.1650,37.8400,37.9900,6087698,0
20140718,38.1000,38.5000,37.9600,38.4800,5754646,0
20140721,38.0200,38.4800,38.0200,38.2700,4860397,0
20140722,38.3200,38.6300,38.3200,38.5100,5114474,0
20140723,38.5400,38.6100,38.2650,38.2900,4121348,0
20140724,38.3400,38.4700,38.2000,38.3100,4208616,0
20140725,38.2900,38.3100,38.0400,38.1800,3028139,0
20140728,38.3200,38.3290,37.9950,38.2200,4634695,0
20140729,38.3000,38.3900,37.9800,38.0100,4008241,0
20140730,38.1700,38.1800,36.9550,36.9700,8926955,0
20140731,36.6200,36.7900,35.9800,36.0199,8221473,0
20140801,36.2300,36.4300,35.9200,36.3300,6016955,0
20140804,36.2200,36.5100,36.1300,36.4500,6388748,0
20140805,36.2100,36.4300,35.7900,35.9600,15261488,0
20140806,35.2900,36.7597,35.1154,35.6550,12287900,0
20140807,36.5600,36.5600,34.9200,35.0700,8313779,0
20140808,35.1400,35.5200,35.1000,35.4800,4796547,0
20140811,35.5400,35.8950,35.4800,35.7600,6310176,0
20140812,35.6500,35.7873,35.5700,35.6700,5080437,0
20140813,35.6800,35.9200,35.6800,35.8000,4632473,0
20140814,35.7900,35.9000,35.6400,35.7000,4441885,0
20140815,36.0000,36.0000,35.5900,35.7800,7440955,0
20140818,36.0800,36.0800,35.8600,36.0400,5907358,0
20140819,36.0200,36.3450,35.8100,36.1700,4804185,0
20140820,36.2500,36.2900,36.0600,36.2000,3590921,0
20140821,36.2400,36.3500,36.1300,36.1600,2775172,0
20140822,36.0600,36.1900,35.8050,35.8500,3445807,0
20140825,36.1600,36.2200,36.0000,36.1500,3217699,0
20140826,36.1400,36.2600,35.9300,36.0700,2524553,0
20140827,36.1000,36.2400,36.0000,36.2400,3447453,0
20140828,36.1800,36.4350,36.0600,36.2900,3429679,0
20140829,36.3200,36.3500,36.0700,36.1900,4234822,0
20140902,36.2900,36.3500,35.5450,35.7400,7370243,0
20140903,35.9600,35.9900,35.7300,35.8200,5201665,0
20140904,35.8700,36.0150,35.3950,35.5000,6173936,0
20140905,35.7000,35.7399,35.2200,35.6900,7047695,0
20140908,35.5000,35.6900,35.2700,35.3200,5105591,0
20140909,35.2200,35.7000,35.1500,35.5300,6134000,0
20140910,35.6700,35.6800,35.3600,35.5950,3567641,0
20140911,35.2000,35.7600,35.1700,35.7500,4433468,0
20140912,35.5900,35.6800,35.2500,35.3200,5170782,0
20140915,35.2900,35.5300,35.2100,35.4300,3920322,0
20140916,35.3500,35.6900,35.2800,35.5400,7054340,0
20140917,35.7300,35.7300,35.3300,35.4200,5551802,0
20140918,35.4600,35.8300,35.3200,35.8100,5148613,0
20140919,36.0000,36.0095,35.6200,35.6700,7634328,0
20140922,35.5300,35.6100,34.8600,35.0300,7204123,0
20140923,34.9900,35.0300,34.5900,34.6300,5147393,0
20140924,34.5600,35.2700,34.5104,35.2650,8006140,0
20140925,35.1900,35.2600,34.6899,34.7400,9952209,0
20140926,34.4700,34.6790,34.1250,34.4500,8302700,0
20140929,34.2700,34.3900,34.0900,34.2000,7300944,0
20140930,34.2000,34.3400,33.9300,34.2650,10656406,0
20141001,34.1100,34.2700,33.5200,33.7500,10097823,0
20141002,33.6700,34.1700,33.3800,33.8400,11044085,0
20141003,34.7800,34.9095,33.9200,34.2500,10545000,0
20141006,34.4500,34.4900,34.0400,34.4200,5374363,0
20141007,34.1800,34.3400,33.9100,33.9200,7310991,0
20141008,33.8500,34.4000,33.6500,34.3900,8753194,0
20141009,34.2900,34.4500,33.6500,33.6500,8525838,0
20141010,33.7500,33.9950,33.4900,33.4900,9162192,0
20141013,33.4000,33.6300,32.9800,32.9800,7997209,0
20141014,33.2300,33.3500,32.7600,32.8000,7225020,0
20141015,32.5600,32.9300,31.8300,32.6700,12319876,0
20141016,32.1700,32.4250,31.8950,32.1000,11254556,0
20141017,32.0400,32.8300,31.9600,32.6200,8913852,0
20141020,32.4600,32.9800,32.3170,32.9400,6554021,0
20141021,32.9900,33.2400,32.8500,33.2300,5872254,0
20141022,33.6400,34.1600,33.5000,33.8900,9649006,0
20141023,34.1600,34.3200,33.9900,34.1100,7735558,0
20141024,34.2100,34.4100,33.9400,34.3700,5853683,0
20141027,34.2600,34.7950,34.2600,34.7300,6231343,0
20141028,34.9000,35.3000,34.7300,35.2900,6557138,0
20141029,35.3400,35.4900,34.5750,34.9300,8140164,0
20141030,34.7600,35.2600,34.7020,35.1550,6126733,0
20141031,35.9500,35.9500,35.0600,35.2600,8849907,0
20141103,35.2100,35.4600,35.1200,35.4100,7567737,0
20141104,35.5000,35.5300,34.9500,35.0300,7837247,0
20141105,36.2500,37.4450,36.1800,37.1500,16699970,0
20141106,37.5000,38.0700,37.2600,37.8400,11203415,0
20141107,37.8400,37.9700,37.4401,37.7600,8269115,0
20141110,37.7200,37.9150,37.4300,37.9000,8147143,0
20141111,37.9400,38.1400,37.7200,37.7700,4411126,0
20141112,37.7000,37.9900,37.4700,37.9200,5138576,0
20141113,38.1400,38.3300,37.8000,38.2300,6411285,0
20141114,38.2600,38.4400,38.0200,38.1600,6091624,0
20141117,38.1600,38.3900,37.9900,38.3700,4685062,0
20141118,38.1500,38.8650,38.1000,38.6950,7822269,0
20141119,38.7600,39.2450,38.6000,39.1000,7243219,0
20141120,38.8000,39.0200,38.6501,38.9300,5821149,0
20141121,39.4100,39.4100,38.9200,39.0000,8169777,0
20141124,39.1800,39.2300,38.7600,38.9900,5753951,0
20141125,38.9700,39.0500,38.6800,38.7600,7178666,0
20141126,38.7400,39.0500,38.7400,39.0000,4514969,0
20141128,39.4200,39.4200,39.0300,39.2000,5231315,0
20141201,39.2000,39.2700,38.8400,38.9800,7317264,0
20141202,38.6900,39.0550,38.6900,38.8900,6192758,0
20141203,38.8200,38.9700,38.1500,38.6700,9013670,0
20141204,38.5200,38.6600,38.3100,38.4100,6685389,0
20141205,38.5400,38.6000,38.2400,38.5000,6647630,0
20141208,38.4000,38.5900,38.1600,38.2400,7050097,0
20141209,38.0600,38.6900,37.8900,38.5600,5998205,0
20141210,38.4300,38.6400,38.0550,38.1100,5438190,0
20141211,38.5400,38.5400,38.0600,38.1300,4934393,0
20141212,37.7100,38.0000,37.2300,37.2300,6561102,0
20141215,37.4400,37.4400,36.5650,36.6700,7508196,0
20141216,36.5600,36.9400,35.9900,36.0200,10520768,0
20141217,36.0700,36.1700,35.6850,36.0000,10674981,0
20141218,36.4200,36.7400,36.1700,36.5800,14390918,0
20141219,36.5200,37.5800,36.4800,37.3000,13316201,0
20141222,37.3900,37.6800,37.1900,37.5000,6972155,0
20141223,37.5800,37.7900,37.3800,37.5800,6138169,0
20141224,37.7300,37.8100,37.4900,37.6300,1726910,0
20141226,37.6400,37.8500,37.5700,37.7600,3236516,0
20141229,37.4900,37.5650,37.1400,37.3400,4300837,0
20141230,37.2200,37.3700,36.9950,37.0200,3273916,0
20141231,37.0300,37.1400,36.3100,36.3250,4539590,0
20150102,36.4300,36.9400,36.2700,36.7900,7236773,0
20150105,36.7100,36.7682,36.1230,36.2400,7651795,0
20150106,36.3700,36.6500,35.7900,35.9900,7147687,0
20150107,36.1900,37.2000,35.9700,37.1200,9778374,0
20150108,37.0900,37.8750,37.0900,37.5900,7485512,0
20150109,37.3100,37.7400,37.0600,37.2200,5299700,0
20150112,36.9700,37.2410,36.6950,36.8700,7496577,0
20150113,37.0500,37.3850,36.3400,36.6250,7294492,0
20150114,36.1900,36.6500,36.0700,36.5450,6494576,0
20150115,36.7800,36.9900,36.3700,36.5400,9610559,0
20150116,36.5100,36.9600,36.2700,36.9400,7533433,0
20150120,37.3000,37.4500,36.7000,37.0200,5876280,0
20150121,36.8700,37.1900,36.6900,37.1500,8362078,0
20150122,37.4400,37.6000,36.9500,37.5900,5637535,0
20150123,37.6100,37.6100,36.9200,36.9400,6604254,0
20150126,36.8000,36.9800,36.3700,36.5800,6955766,0
20150127,36.1900,36.2980,35.9800,36.0800,7908031,0
20150128,36.0800,36.4700,35.6600,35.6650,7539970,0
20150129,35.4600,35.8000,35.1600,35.7400,12357912,0
20150130,35.4600,35.7665,35.2100,35.2400,11044644,0
20150202,35.2400,35.7800,34.8900,35.7600,6907496,0
20150203,35.8300,36.1500,35.7500,36.0600,4989231,0
20150204,35.9100,36.4200,35.9100,36.0150,6853308,0
20150205,36.0100,36.2700,35.9200,36.2550,6735796,0
20150206,36.2600,36.2800,35.8100,35.9100,7178007,0
20150209,35.4200,36.1600,35.4200,35.7100,7164995,0
20150210,35.5300,36.0100,35.5100,35.8100,10126240,0
20150211,36.4200,37.4500,36.2500,36.7400,17089556,0
20150212,36.9800,37.2300,36.4900,36.9800,9824333,0
20150213,37.1400,37.1600,36.5600,36.7800,6997465,0
20150217,36.8000,37.1600,36.6100,37.1500,11093095,0
20150218,36.9600,37.2500,36.8400,36.9400,16687176,0
20150219,36.9500,37.1400,36.7150,36.9950,7062905,0
20150220,37.0400,37.0700,36.7100,36.9700,8518025,0
20150223,36.7500,37.1000,36.7500,36.9950,6361791,0
20150224,36.9900,37.1100,36.8500,37.0050,11635728,0
20150225,36.9100,37.1000,36.6600,36.6600,7740338,0
20150226,36.7300,36.9200,36.5600,36.7200,8476105,0
20150227,36.8900,37.0100,36.6500,36.9350,15620281,0
20150302,36.9400,37.0100,36.7900,36.8900,6403316,0
20150303,36.8000,36.8800,36.6000,36.6400,5664229,0
20150304,36.5000,36.5500,36.2800,36.4400,6952674,0
20150305,36.5800,36.5900,36.3800,36.5100,6111119,0
20150306,36.3200,36.3800,35.0100,35.2200,12884700,0
20150309,35.2300,35.6400,35.2200,35.4200,7646170,0
20150310,35.0600,35.3700,34.4900,34.5000,11742186,0
20150311,34.3600,34.5700,34.2000,34.3400,10947475,0
20150312,34.5500,35.1600,34.4900,35.0000,9190666,0
20150313,34.7800,35.0500,34.2700,34.5100,9227045,0
20150316,34.7300,34.9550,34.5300,34.7100,11446429,0
20150317,34.5000,34.6400,34.2800,34.3600,8258068,0
20150318,34.3900,35.1550,33.9700,35.0200,11229702,0
20150319,34.9900,35.0700,34.5600,34.6600,7404937,0
20150320,34.8700,35.2700,34.7200,34.7400,16702610,0
20150323,34.8500,35.6000,34.6300,35.2950,9806528,0
20150324,35.4700,35.6300,34.9500,35.0100,7950421,0
20150325,35.6000,36.4650,35.5000,35.8050,22840317,0
20150326,35.8700,36.0300,34.9350,35.0800,18037642,0
20150327,35.0600,35.6900,34.7600,35.5500,15274587,0
20150330,35.8500,36.5500,35.7100,36.5000,13696718,0
20150331,36.4000,36.4900,36.0350,36.0900,9480016,0
20150401,36.2200,36.3100,35.9300,36.2950,10702414,0
20150402,36.3000,36.6700,36.1000,36.6300,9650390,0
20150406,36.3900,37.1300,36.3650,37.0000,6881660,0
20150407,36.8800,37.1500,36.8200,37.0000,6404493,0
20150408,37.0500,37.4300,36.9501,37.3900,10355193,0
20150409,37.2700,37.4250,37.1300,37.3750,7780801,0
20150410,37.4200,37.6400,37.1700,37.4000,6659791,0
20150413,37.3800,37.4200,37.2250,37.2500,8383225,0
20150414,37.1000,37.5500,37.0500,37.4700,6573714,0
20150415,37.4500,37.7400,37.3500,37.5500,6387707,0
20150416,37.4100,37.5050,37.2700,37.3100,6083422,0
20150417,36.9500,37.0500,36.6800,36.9650,7582181,0
20150420,37.0500,37.1500,36.9200,36.9900,7971943,0
20150421,37.1000,37.1400,36.4200,36.5250,19052924,0
20150422,36.6300,36.8800,36.4400,36.8300,5705644,0
20150423,36.7500,36.9100,36.6200,36.8100,19828711,0
20150424,36.4300,36.8600,36.4300,36.8200,4751259,0
20150427,36.8100,37.0200,36.6400,36.7950,8346785,0
20150428,36.6700,36.8200,36.4800,36.8000,7922686,0
20150429,37.8900,38.8500,37.7500,38.7000,24357234,0
20150430,38.8000,39.0800,38.3200,38.3700,14682663,0
20150501,38.5300,38.6800,38.4100,38.6500,6778528,0
20150504,38.5000,38.7900,38.4800,38.6200,5511374,0
20150505,38.5500,38.6800,38.1600,38.3200,8329907,0
20150506,38.4200,38.4600,38.0800,38.4500,9883723,0
20150507,38.4200,39.1200,38.2100,38.9800,11423384,0
20150508,39.3000,39.5800,39.2200,39.4400,9590339,0
20150511,39.3300,39.6300,39.3100,39.3300,6777833,0
20150512,39.1100,39.4200,38.9100,39.3100,6115457,0
20150513,39.3600,39.5850,39.0200,39.3100,9273055,0
20150514,39.5400,40.1350,39.5200,40.0500,11866111,0
20150515,40.1800,40.5100,39.9400,40.4500,9529866,0
20150518,40.1200,40.3100,39.9400,40.0000,6284596,0
20150519,40.0000,40.3000,39.8600,40.2500,7471344,0
20150520,40.3400,40.8300,40.1000,40.6600,9711991,0
20150521,40.6500,40.7100,40.2100,40.3100,7910914,0
20150522,40.2200,40.3600,40.1400,40.1700,5773304,0
20150526,40.1500,40.1700,39.7300,39.9400,6759571,0
20150527,39.9700,40.2000,39.8900,40.1400,5478535,0
20150528,40.1300,40.6600,39.9550,40.4700,8237066,0
20150529,40.5500,41.6000,40.4700,41.5900,24186616,0
20150601,41.6000,41.8100,40.4200,40.6900,12708108,0
20150602,40.4500,40.8200,40.0100,40.8000,8665730,0
20150603,41.0200,41.1150,40.7500,41.0300,10385927,0
20150604,40.7900,40.9200,40.3600,40.4200,6794298,0
20150605,40.3500,40.4200,39.7850,40.0200,10046400,0
20150608,40.0700,40.2100,39.9400,40.0500,5828441,0
20150609,40.0800,40.3100,39.9800,40.2200,5347141,0
20150610,40.3200,40.6300,40.2560,40.3700,5434691,0
20150611,40.3600,40.6200,40.2800,40.3600,3992825,0
20150612,40.7900,40.7900,40.1800,40.4700,7893876,0
20150615,40.1500,40.4300,39.9900,40.1100,6539552,0
20150616,40.2000,40.7900,40.0400,40.7450,5732906,0
20150617,40.6800,40.9000,40.4000,40.7900,5513112,0
20150618,40.9300,41.0600,40.8200,40.8500,10289603,0
20150619,40.8700,41.4400,40.8700,41.0400,10433668,0
20150622,41.1700,41.4500,41.0000,41.0500,4822269,0
20150623,41.0000,41.2400,40.8800,41.0950,3216997,0
20150624,41.1800,41.2900,40.9800,41.0800,5672353,0
20150625,41.1900,41.4700,41.0300,41.0800,6168335,0
20150626,41.0100,41.3500,40.9900,41.1100,6985403,0
20150629,40.8500,41.0500,40.7000,40.8400,9020564,0
20150630,41.3000,41.3400,40.9000,41.1400,11306034,0
20150701,41.2000,41.6400,41.2000,41.6100,5666517,0
20150702,41.7300,41.8400,41.2600,41.5500,5350078,0
20150706,41.2000,41.4799,40.9800,41.2600,8222052,0
20150707,41.4800,41.8900,40.9900,41.7800,5871586,0
20150708,41.6800,41.7500,41.3100,41.4100,5611720,0
20150709,41.7300,41.8500,41.2400,41.2500,5032362,0
20150710,41.5100,41.6900,41.3400,41.4100,4585568,0
20150713,41.7100,41.7300,41.5500,41.6000,5451209,0
20150714,41.6900,41.9900,41.4800,41.8800,7121372,0
20150715,41.8500,41.9000,41.1800,41.3400,8909707,0
20150716,41.6000,42.0000,41.4700,41.9700,4727550,0
20150717,41.9600,41.9600,41.4200,41.8900,4270561,0
20150720,41.6500,41.8700,41.5900,41.8100,3685976,0
20150721,41.8500,42.2400,41.7900,42.0700,5522171,0
20150722,42.4000,43.0000,42.1200,42.2500,6225356,0
20150723,42.0200,42.4000,42.0000,42.1200,5021788,0
20150724,42.1300,42.2300,41.8250,42.0300,4987576,0
20150727,41.8700,42.0900,41.2700,42.0300,7623298,0
20150728,42.3300,42.8725,42.0600,42.8000,8211170,0
20150729,42.6300,43.2900,42.6100,43.1000,11634354,0
20150730,44.2100,45.3100,44.0500,45.2700,16794675,0
20150731,45.0200,45.2100,44.6600,45.1300,10115256,0
20150803,45.2800,45.5100,45.0000,45.4900,6828289,0
20150804,45.3900,45.7200,45.2600,45.6000,6836829,0
20150805,45.7650,46.5900,45.7650,46.2900,10509452,0
20150806,48.5500,48.5800,46.1100,46.8100,21549831,0
20150807,46.8100,46.9245,45.8200,46.1100,14182116,0
20150810,45.6800,46.4500,45.6000,46.4100,8900680,0
20150811,46.2100,46.2100,45.7000,46.1000,9228527,0
20150812,45.5400,46.5700,45.3500,46.5300,9349734,0
20150813,46.6300,46.8200,46.0100,46.0100,14287695,0
20150814,46.1300,46.5400,45.9500,46.4850,9058283,0
20150817,46.3500,46.5000,46.1200,46.2000,8871305,0
20150818,46.1600,46.4400,45.9500,46.1500,9962967,0
20150819,45.9200,46.0000,45.1300,45.2100,11945377,0
20150820,44.9500,45.1400,43.9200,44.0000,16203783,0
20150821,43.6000,44.0700,43.1800,43.2000,17337804,0
20150824,41.1200,42.7900,38.9100,41.9600,26298983,0
20150825,42.5400,43.1100,41.2800,41.3100,28876115,0
20150826,42.1500,42.3300,41.0550,42.2000,16754076,0
20150827,42.4300,42.9400,41.9200,42.7600,14238687,0
20150828,42.4400,43.1300,42.3891,42.8000,8556974,0
20150831,42.6800,42.7800,42.2400,42.3600,8786381,0
20150901,41.6900,42.0000,40.7300,41.0100,11380644,0
20150902,41.4400,42.3000,41.3100,42.2700,12451815,0
20150903,42.5400,43.9100,42.4900,43.2400,14002733,0
20150904,42.6400,43.0300,42.3000,42.5700,10333918,0
20150908,43.2900,43.3100,42.3600,42.9300,9231631,0
20150909,43.4600,43.4600,41.8100,41.9900,7411089,0
20150910,41.7800,42.7300,41.7600,42.3800,11693793,0
20150911,42.5800,42.7100,42.1800,42.6800,8007277,0
20150914,42.7200,42.7500,42.0800,42.2800,5835054,0
20150915,42.4900,43.0500,42.1600,42.9900,9856762,0
20150916,43.1000,43.3800,42.9550,43.0400,9606574,0
20150917,43.2500,44.2900,43.1800,43.7200,11602667,0
20150918,43.2500,43.7310,42.7700,42.8500,13041188,0
20150921,42.9800,43.1000,42.7300,42.8500,5833423,0
20150922,42.3500,42.4300,41.7000,41.9900,7562372,0
20150923,42.0600,42.3800,41.8700,42.2800,7350314,0
20150924,42.0600,42.3000,41.5200,42.1300,11500265,0
20150925,42.5100,43.2200,42.4450,42.8000,9148475,0
20150928,42.4000,42.9800,41.4400,41.4700,13841663,0
20150929,41.5200,41.5200,40.2900,40.8100,15743683,0
20150930,41.2400,42.0000,41.1600,41.8700,12402442,0
20151001,42.2700,42.5300,41.6900,42.2100,9613539,0
20151002,41.8600,43.5700,41.5500,43.5600,10250866,0
20151005,43.8700,44.4600,43.6300,44.2900,10136430,0
20151006,44.3000,44.4100,43.8300,43.9000,6581788,0
20151007,44.1100,44.4300,43.8000,44.3300,7269190,0
20151008,44.3600,45.3200,44.0800,45.3050,6444055,0
20151009,45.2000,45.3150,44.7700,45.0000,5796247,0
20151012,44.7800,45.2156,44.7500,45.0500,4321302,0
20151013,44.9000,45.2700,44.6900,44.8400,5772886,0
20151014,44.4800,44.9800,44.4800,44.7400,4207017,0
20151015,44.9400,44.9900,44.1200,44.9800,8157578,0
20151016,45.1100,45.8600,45.0700,45.8500,8685473,0
20151019,45.8000,46.4600,45.5000,46.4200,7615092,0
20151020,46.5500,46.6500,45.6700,45.7400,7003514,0
20151021,45.8800,46.0200,45.0500,45.4500,9412625,0
20151022,45.5900,47.4200,45.5900,46.9400,10273539,0
20151023,46.8800,47.0000,46.4000,46.5300,6925749,0
20151026,46.5300,46.9900,46.3200,46.8000,5969028,0
20151027,46.8100,46.9700,46.4500,46.6000,8505448,0
20151028,46.1600,47.0000,45.4200,46.4000,7915942,0
20151029,46.3200,46.4400,45.4700,46.2800,5457387,0
20151030,46.2800,46.6200,46.0200,46.1600,5768841,0
20151102,46.3600,46.6300,45.0801,46.4400,6653143,0
20151103,46.3100,46.5000,45.8800,46.4000,5982423,0
20151104,46.7300,46.7700,45.7300,45.8800,5513187,0
20151105,45.8600,45.9300,45.3850,45.8800,5024812,0
20151106,45.6400,45.7300,44.4100,44.8800,6508002,0
20151109,44.6900,44.7800,43.8900,44.3900,8714963,0
20151110,44.3500,44.7750,44.3000,44.5900,6202061,0
20151111,44.8400,44.9600,44.4400,44.4700,5045690,0
20151112,44.3000,44.4400,43.6000,43.6400,6177559,0
20151113,43.5000,43.8800,43.1200,43.2700,6602404,0
20151116,43.5100,44.0800,43.4200,44.0600,5556506,0
20151117,44.0800,44.3300,43.6900,43.8200,5619038,0
20151118,43.9600,44.5400,43.7900,44.4800,5611568,0
20151119,44.5900,44.8100,44.4300,44.5800,4776796,0
20151120,44.9300,44.9950,43.7500,43.9500,8234219,0
20151123,44.1800,44.2650,43.7500,44.0800,9296087,0
20151124,43.7900,44.1600,43.7500,43.9800,4046937,0
20151125,43.9500,44.1500,43.8500,43.9300,4723535,0
20151127,44.0700,44.5650,43.7900,44.4200,3044190,0
20151130,44.4200,44.5764,43.6200,43.6600,7426012,0
20151201,44.0800,44.5400,43.7600,44.3200,9650422,0
20151202,44.3400,44.3500,43.7550,43.8600,4879304,0
20151203,43.9100,44.1300,42.4100,42.6100,10435635,0
20151204,42.8300,44.5400,42.8200,44.5000,10475634,0
20151207,44.4300,44.5000,43.7300,44.0300,7057633,0
20151208,43.4900,44.2050,43.1450,44.0000,6209441,0
20151209,43.7600,44.2500,43.3601,43.6500,6490612,0
20151210,43.5800,44.3400,43.5200,43.9800,8010521,0
20151211,43.1600,43.5700,42.5700,42.7300,7831270,0
20151214,43.0700,43.3900,42.6300,43.3200,8859751,0
20151215,44.2400,44.5100,43.7500,44.0200,7374088,0
20151216,43.9800,44.9400,43.9700,44.8450,8670930,0
20151217,44.8500,44.9000,44.2200,44.3600,6404421,0
20151218,43.9300,44.2600,42.9500,43.3000,15440297,0
20151221,43.6500,44.5150,43.3600,44.4400,7580638,0
20151222,44.4800,44.8100,44.0000,44.7100,4944693,0
20151223,44.9400,45.6200,44.8100,45.5800,6092639,0
20151224,45.5700,45.6700,45.3400,45.3500,2084994,0
20151228,45.2400,45.4801,44.9600,45.0700,3193222,0
20151229,45.1500,45.8100,44.9016,45.7500,5497395,0
20151230,45.7400,45.9450,45.4200,45.5100,5189646,0
20151231,45.2100,45.4490,44.7600,44.8400,4084674,0
20160104,44.0900,44.4500,43.2500,43.7900,10048598,0
20160105,43.7900,44.4500,43.6500,44.1500,9170522,0
20160106,43.3300,44.1700,43.2800,43.9900,16140650,0
20160107,43.0400,43.0400,41.3500,41.5900,18523321,0
20160108,41.6500,42.0600,40.9700,40.9900,13155373,0
20160111,41.3300,41.7950,41.0400,41.6800,9362442,0
20160112,41.6800,42.2900,41.5100,42.1200,9209461,0
20160113,42.1100,42.3300,40.5200,40.5900,13108462,0
20160114,41.5500,41.9300,40.5900,41.3600,10837130,0
20160115,40.5600,40.8600,39.7900,40.3100,15254724,0
20160119,41.0500,41.6600,40.6500,41.4600,12476675,0
20160120,40.8900,41.1500,39.6800,40.6700,11762068,0
20160121,40.8200,40.9100,40.0000,40.3300,8362639,0
20160122,41.0900,41.7350,40.4000,41.6000,8540442,0
20160125,41.7300,41.7900,40.1600,40.2000,12418314,0
20160126,40.2400,41.5500,40.2400,41.3500,7523362,0
20160127,41.3400,41.9600,40.7800,41.1200,6893484,0
20160128,41.8100,42.5285,41.4300,41.5500,10541669,0
20160129,42.0800,43.1000,41.8300,43.1000,12491770,0
20160201,42.8200,42.9550,42.1000,42.7300,6877324,0
20160202,42.1200,42.7000,41.6700,41.9500,9720472,0
20160203,38.3800,40.0800,38.2200,39.2300,24064778,0
20160204,39.0100,39.0900,37.8600,38.0200,16742956,0
20160205,37.9900,38.6799,37.3700,37.7000,28922885,0
20160208,37.2700,37.3278,35.8800,36.3400,17749237,0
20160209,36.2100,37.3800,36.1300,37.0500,9557595,0
20160210,37.6900,38.5650,37.2920,38.0250,11946034,0
20160211,37.1500,37.9400,36.9000,37.6800,10395824,0
20160212,38.1000,38.1599,37.6350,38.1000,5916219,0
20160216,38.6400,39.1500,38.3950,39.1200,9465040,0
20160217,39.4800,39.9200,39.1501,39.8100,10004306,0
20160218,39.9600,40.2800,39.8000,39.9600,6343591,0
20160219,39.7900,40.7650,39.5600,39.8100,12583983,0
20160222,40.0000,40.1100,39.5000,39.7000,8801438,0
20160223,39.5600,40.1700,39.5100,40.0700,6802457,0
20160224,39.9600,41.0000,39.6300,40.7600,7878239,0
20160225,40.8500,41.5900,40.7200,41.5800,6831781,0
20160226,41.7900,41.8290,40.6700,40.6900,9043044,0
