DATE, OPEN, HIGH, LOW, CLOSE, VOL, p
20080317,51.20,52.65,49.24,49.39,1988000,0
20080318,49.85,52.00,47.75,49.60,8067600,0
20080319,49.60,51.00,46.90,50.10,3007700,0
20080320,50.20,50.20,48.87,49.15,1715600,0
20080324,49.81,51.00,49.81,51.00,1437000,0
20080325,51.40,51.75,50.60,51.75,1100800,0
20080326,51.70,52.47,50.30,50.30,2023200,0
20080327,50.95,52.03,50.00,50.68,8653300,0
20080328,50.95,52.50,50.56,51.06,9961200,0
20080331,52.40,54.70,50.00,50.58,19414196,0
20080401,51.10,52.19,49.01,50.58,23322856,0
20080402,51.16,52.07,50.15,51.21,12944607,0
20080403,51.00,51.50,50.40,51.05,12439051,0
20080404,51.48,51.48,50.80,51.37,6651233,0
20080407,51.60,51.60,50.50,50.67,7099377,0
20080408,50.41,51.01,50.21,50.60,8283325,0
20080409,50.50,50.59,49.15,49.38,8916681,0
20080410,49.49,49.91,48.50,48.66,14322965,0
20080411,48.49,48.89,48.08,48.33,11406060,0
20080414,48.30,48.35,47.43,48.00,11532761,0
20080415,47.78,48.35,47.78,48.20,9603320,0
20080416,48.41,49.61,48.35,49.46,14837608,0
20080417,49.72,50.00,49.42,49.85,6660660,0
20080418,50.49,50.94,49.38,49.96,9630848,0
20080421,50.20,50.89,49.13,50.63,6529945,0
20080422,50.60,50.90,49.92,50.07,5505572,0
20080423,51.00,52.34,50.90,52.00,13533256,0
20080424,52.00,52.43,51.50,52.00,5847689,0
20080425,52.14,52.18,50.75,51.30,11399641,0
20080428,50.94,51.30,50.75,51.07,8382470,0
20080429,51.44,52.20,50.26,52.01,12326452,0
20080430,51.70,52.01,50.91,51.03,8736402,0
20080501,50.83,51.17,50.62,50.75,7122614,0
20080502,50.90,51.10,50.40,51.02,9291703,0
20080505,50.87,51.63,50.63,50.81,8398645,0
20080506,50.90,51.95,50.85,51.88,7588691,0
20080507,51.97,52.20,51.31,51.69,6391320,0
20080508,51.65,52.21,51.50,52.20,6669613,0
20080509,51.90,52.46,51.53,51.83,5491720,0
20080512,51.98,52.54,51.30,52.47,5851389,0
20080513,52.42,52.84,52.04,52.46,5986527,0
20080514,52.51,52.85,52.40,52.67,5381474,0
20080515,52.51,53.31,52.10,53.25,8376438,0
20080516,53.23,53.50,52.35,53.38,7172820,0
20080519,53.49,53.95,52.93,53.63,6580465,0
20080520,53.30,53.94,52.82,52.91,6887370,0
20080521,53.04,53.18,51.83,51.98,6785687,0
20080522,51.82,52.77,51.78,52.28,5135183,0
20080523,52.10,52.98,51.75,51.80,5197303,0
20080527,51.92,51.94,51.12,51.63,6505401,0
20080528,51.70,51.90,50.83,51.16,13524236,0
20080529,50.96,52.16,50.93,52.02,7386930,0
20080530,52.07,52.99,51.81,52.66,7047703,0
20080602,52.15,52.70,51.92,52.11,8668152,0
20080603,52.10,52.62,51.67,51.67,6552599,0
20080604,51.69,52.27,51.50,51.95,6407338,0
20080605,52.03,52.24,51.54,51.81,6407389,0
20080606,51.50,51.51,50.40,50.50,10199957,0
20080609,50.80,50.95,49.18,49.49,9937200,0
20080610,49.01,49.65,48.53,49.49,8847181,0
20080611,49.49,50.60,49.12,49.86,12367131,0
20080612,49.87,51.38,49.87,51.29,11782843,0
20080613,51.28,51.88,50.70,51.61,7365800,0
20080616,51.17,51.17,50.24,50.73,8251036,0
20080617,50.55,50.97,50.12,50.63,5634062,0
20080618,50.22,50.56,49.82,49.90,9967700,0
20080619,49.80,50.58,49.70,50.40,9591373,0
20080620,50.07,50.59,49.77,50.22,11448979,0
20080623,50.33,50.70,49.90,50.64,6626846,0
20080624,50.25,51.54,50.05,51.17,8976573,0
20080625,51.45,52.75,51.25,51.77,10334063,0
20080626,51.10,51.54,50.15,50.15,12055219,0
20080627,50.11,50.25,49.22,49.83,15397691,0
20080630,49.80,50.16,48.84,49.39,9972527,0
20080701,49.03,50.59,48.73,50.39,11092010,0
20080702,50.47,51.07,49.87,50.60,7959918,0
20080703,50.57,51.51,50.29,51.47,5152703,0
20080707,51.47,52.33,51.10,51.85,8395711,0
20080708,51.73,54.00,51.56,53.77,13978341,0
20080709,53.72,54.43,53.25,54.00,10411228,0
20080710,53.89,53.99,52.71,53.44,11581010,0
20080711,52.93,53.84,52.25,53.37,6588410,0
20080714,53.26,53.89,52.75,53.56,8298864,0
20080715,52.89,53.87,52.32,53.30,8306503,0
20080716,52.77,53.37,51.73,52.92,6909923,0
20080717,53.20,53.20,50.90,50.96,10317456,0
20080718,51.10,51.47,50.12,50.72,9560065,0
20080721,50.82,50.99,50.25,50.48,4370886,0
20080722,50.25,52.10,50.06,52.05,8927352,0
20080723,52.59,52.59,50.89,51.47,7943816,0
20080724,51.40,53.09,51.40,52.46,8717578,0
20080725,52.27,53.55,52.27,53.05,8066096,0
20080728,52.78,53.25,52.34,52.62,5130935,0
20080729,52.74,53.41,52.63,53.34,7257595,0
20080730,53.56,54.02,52.67,53.37,7355739,0
20080731,53.37,53.79,51.34,51.65,10498748,0
20080801,51.75,52.60,51.75,52.08,6718437,0
20080804,52.10,54.08,51.28,53.72,8963024,0
20080805,53.70,55.54,53.60,55.20,12884406,0
20080806,54.86,56.15,54.71,55.53,12660873,0
20080807,55.13,55.31,54.30,54.64,9282180,0
20080808,54.50,55.50,54.50,55.21,9266126,0
20080811,54.70,55.75,54.64,55.75,9724381,0
20080812,55.61,56.26,55.52,55.95,6690312,0
20080813,55.86,55.99,55.37,55.54,7810150,0
20080814,55.24,55.77,54.94,55.47,5723108,0
20080815,55.51,55.70,55.25,55.57,6561219,0
20080818,55.66,55.70,54.91,55.01,5743210,0
20080819,54.76,55.19,54.45,54.51,5712429,0
20080820,54.55,54.70,54.07,54.61,4411468,0
20080821,54.20,55.05,53.55,54.82,4693083,0
20080822,55.00,55.53,54.41,55.53,4342580,0
20080825,55.30,55.66,54.56,54.87,4400191,0
20080826,54.79,55.10,54.21,54.64,6994939,0
20080827,54.75,54.89,53.71,54.10,5459010,0
20080828,54.01,54.26,53.55,53.92,5426494,0
20080829,53.76,54.46,53.66,53.70,6060066,0
20080902,53.75,55.32,53.70,54.81,8835610,0
20080903,54.75,55.48,54.00,54.07,8237032,0
20080904,54.00,54.20,53.21,53.37,7825839,0
20080905,53.35,54.21,53.24,54.00,7810786,0
20080908,54.00,55.40,53.69,54.98,16614550,0
20080909,55.03,55.73,54.78,54.78,11238237,0
20080910,54.90,55.18,54.32,54.62,9203100,0
20080911,54.28,54.81,53.75,54.81,8566665,0
20080912,54.39,54.65,53.25,53.68,8564240,0
20080915,53.14,54.12,52.82,52.82,10481939,0
20080916,51.97,54.25,49.46,53.77,15648750,0
20080917,53.49,53.49,48.06,48.98,22145841,0
20080918,49.72,52.75,49.72,50.00,22622079,0
20080919,52.17,52.44,50.00,51.42,16822281,0
20080922,50.81,51.98,49.59,50.03,10379896,0
20080923,49.89,50.80,49.25,49.25,8219017,0
20080924,49.54,50.19,48.95,49.79,9164747,0
20080925,49.99,52.00,49.66,51.61,12454942,0
20080926,50.76,51.38,50.01,50.90,9315856,0
20080929,50.69,50.89,46.80,46.80,14648279,0
20080930,48.10,49.75,47.69,48.10,14356721,0
20081001,47.96,50.82,47.35,50.78,11719098,0
20081002,50.39,51.95,48.75,49.08,11218627,0
20081003,49.90,51.78,49.45,49.67,12270876,0
20081006,48.44,49.50,44.00,46.12,25422316,0
20081007,47.65,47.80,43.72,44.36,14792418,0
20081008,41.95,45.27,41.37,43.05,18701885,0
20081009,43.80,45.00,38.45,39.00,17785015,0
20081010,37.01,45.00,33.30,39.74,29162667,0
20081013,42.00,46.00,41.46,44.99,19808174,0
20081014,46.87,46.96,42.19,44.04,18449985,0
20081015,43.87,44.50,39.70,40.82,14562250,0
20081016,41.15,43.88,39.40,43.01,17460671,0
20081017,42.79,45.48,42.41,43.30,14269846,0
20081020,43.77,45.09,43.00,43.39,11162466,0
20081021,43.09,43.89,41.67,42.16,9769749,0
20081022,42.50,43.37,40.30,40.83,14755569,0
20081023,41.17,43.72,40.00,42.96,11903147,0
20081024,39.88,41.50,39.00,40.50,13534976,0
20081027,40.02,40.25,38.87,39.06,11106624,0
20081028,40.26,42.98,38.27,42.58,15862080,0
20081029,42.46,43.83,38.21,41.55,12468531,0
20081030,42.78,43.43,40.75,42.80,8336870,0
20081031,42.44,44.32,41.87,43.47,11920069,0
20081103,43.23,43.35,42.46,42.61,6143108,0
20081104,43.75,44.94,43.40,44.75,9858401,0
20081105,43.93,46.47,43.51,44.02,10003905,0
20081106,43.51,44.00,40.36,40.88,11733191,0
20081107,41.15,42.88,41.01,42.20,6935635,0
20081110,42.88,43.27,41.30,42.11,6312144,0
20081111,41.80,42.27,40.32,41.32,6880294,0
20081112,41.00,41.00,38.75,39.10,13245195,0
20081113,38.58,39.89,37.01,39.84,16385029,0
20081114,39.40,39.66,38.00,38.41,15140841,0
20081117,37.17,39.98,37.16,38.35,10499798,0
20081118,38.33,39.00,36.59,38.55,16243016,0
20081119,38.31,38.76,36.23,36.64,13955630,0
20081120,36.22,39.43,36.05,36.63,19557686,0
20081121,37.48,38.37,36.00,38.26,19190736,0
20081124,38.99,43.24,38.24,41.83,19287060,0
20081125,42.28,43.31,40.42,41.20,18246307,0
20081126,40.43,42.56,39.82,42.50,8657925,0
20081128,42.33,42.95,41.65,42.16,4652663,0
20081201,40.91,41.64,39.38,39.68,11709660,0
20081202,40.35,40.59,39.10,40.03,12697292,0
20081203,39.00,41.95,39.00,41.61,9148638,0
20081204,41.20,41.95,40.41,40.86,10659992,0
20081205,40.28,42.40,39.97,42.36,11547970,0
20081208,43.25,43.50,41.75,42.66,10048188,0
20081209,41.80,42.40,41.78,41.97,12248616,0
20081210,41.95,42.69,41.42,42.30,10514527,0
20081211,41.91,42.74,41.51,41.95,10587340,0
20081212,40.75,41.71,40.20,41.36,8789913,0
20081215,41.05,41.90,40.12,41.54,10763013,0
20081216,41.14,41.60,40.00,41.02,16539841,0
20081217,40.50,42.81,40.50,42.03,12533045,0
20081218,42.23,42.98,41.59,41.96,13240597,0
20081219,42.42,42.99,41.73,41.85,23860950,0
20081222,41.91,42.27,41.44,42.17,9734284,0
20081223,41.36,42.81,41.35,41.73,7624874,0
20081224,41.98,42.58,41.40,42.42,2736369,0
20081226,42.58,42.93,42.25,42.46,2911472,0
20081229,42.50,43.17,42.02,43.16,10158935,0
20081230,43.39,44.15,43.01,43.91,8737622,0
20081231,43.93,44.50,43.31,43.51,7886032,0
20090102,43.47,45.00,43.28,44.12,7250848,0
20090105,43.79,44.73,43.51,44.47,6636890,0
20090106,44.47,45.02,42.93,43.24,14052205,0
20090107,43.07,43.65,42.37,42.70,9346063,0
20090108,42.57,42.89,42.00,42.70,8733293,0
20090109,42.86,43.33,42.11,42.32,8594552,0
20090112,42.31,43.03,41.65,41.83,8829012,0
20090113,41.89,42.80,41.63,42.19,9938287,0
20090114,41.44,41.74,40.66,41.56,10077919,0
20090115,41.33,41.94,40.70,41.48,9437298,0
20090116,41.93,42.45,40.94,42.12,9670333,0
20090120,41.98,42.86,41.33,41.48,9878806,0
20090121,42.03,42.03,40.40,41.41,10609149,0
20090122,41.10,41.22,40.40,40.96,9756687,0
20090123,40.53,41.44,39.75,41.22,9972296,0
20090126,41.32,42.38,40.88,41.13,9751447,0
20090127,41.28,41.82,40.02,40.15,11807416,0
20090128,40.81,40.84,39.60,39.99,9369876,0
20090129,39.71,40.20,38.66,38.75,9528927,0
20090130,38.97,39.01,36.99,37.15,19185071,0
20090202,36.68,37.73,36.65,37.41,11974750,0
20090203,37.98,38.65,37.47,38.32,11845392,0
20090204,38.51,38.71,35.15,36.78,20295115,0
20090205,36.11,37.30,35.82,37.26,14638192,0
20090206,37.21,37.46,36.52,36.83,12785984,0
20090209,36.75,37.03,36.53,36.72,8707000,0
20090210,36.65,36.90,35.90,36.04,12692075,0
20090211,36.31,36.56,35.95,36.37,10400090,0
20090212,36.01,36.47,35.80,36.15,11929907,0
20090213,36.09,36.26,35.68,35.99,11326356,0
20090217,35.32,35.40,34.50,34.73,12751810,0
20090218,34.96,35.63,34.79,35.40,13314057,0
20090219,35.82,36.04,35.41,35.91,9861164,0
20090220,35.29,35.92,35.25,35.63,13236041,0
20090223,36.07,36.07,35.03,35.11,10778706,0
20090224,35.34,35.34,34.60,34.90,12551535,0
20090225,34.78,35.20,34.51,34.80,26323837,0
20090226,35.08,35.45,34.20,34.21,10911188,0
20090227,33.66,34.11,33.42,33.47,13863043,0
20090302,32.79,33.50,32.53,32.75,16291105,0
20090303,32.61,33.05,32.25,32.34,14968956,0
20090304,32.86,33.72,32.60,33.49,14920360,0
20090305,32.79,33.10,32.04,32.95,16889600,0
20090306,33.19,33.45,32.51,33.34,15376098,0
20090309,33.00,34.28,32.96,34.07,12549250,0
20090310,34.59,34.59,33.36,34.05,11028537,0
20090311,34.33,34.44,33.46,33.65,9251473,0
20090312,33.75,34.71,33.28,34.64,7669578,0
20090313,34.85,36.15,34.75,36.01,11342116,0
20090316,36.22,37.45,36.17,37.16,9206642,0
20090317,36.86,38.78,36.47,38.60,13761508,0
20090318,38.22,39.26,37.95,38.28,12208831,0
20090319,38.26,38.40,37.15,37.21,12822780,0
20090320,37.40,38.69,37.40,38.36,18305031,0
20090323,38.65,38.65,37.57,38.12,13056673,0
20090324,37.72,39.09,37.72,38.80,13010054,0
20090325,39.10,39.28,38.19,38.58,7969251,0
20090326,38.81,38.84,37.97,38.30,12736260,0
20090327,38.36,38.39,37.27,37.58,8728842,0
20090330,37.49,37.88,36.45,36.73,8717612,0
20090331,36.60,36.94,35.49,35.58,14856328,0
20090401,35.22,36.37,35.15,36.22,10944388,0
20090402,36.44,36.63,35.69,36.09,13244511,0
20090403,36.04,36.39,35.80,36.20,10122238,0
20090406,36.29,37.45,35.97,37.33,8652201,0
20090407,36.85,37.50,36.60,36.98,11755496,0
20090408,37.18,38.35,36.65,38.25,8867466,0
20090409,38.96,38.96,37.44,37.71,7900997,0
20090413,37.51,37.82,36.97,37.08,6492517,0
20090414,36.74,36.80,35.91,36.44,8351195,0
20090415,36.22,37.87,36.22,37.80,8083518,0
20090416,38.08,38.08,37.02,38.00,7073224,0
20090417,38.09,38.17,37.18,37.32,8924073,0
20090420,36.88,37.63,36.69,36.91,8869211,0
20090421,36.81,37.14,36.46,36.89,7414222,0
20090422,36.66,37.22,36.25,36.25,9480696,0
20090423,36.42,37.35,36.03,37.00,8630141,0
20090424,37.26,37.96,37.05,37.43,9252541,0
20090427,36.97,37.65,36.97,37.19,7162383,0
20090428,36.80,37.37,36.65,36.83,7996549,0
20090429,36.85,37.63,36.58,36.84,9783543,0
20090430,37.06,37.34,36.19,36.20,18185191,0
20090501,36.28,37.20,36.18,37.18,8875384,0
20090504,37.28,38.20,37.20,38.13,7489264,0
20090505,37.94,38.28,37.18,37.29,6827397,0
20090506,37.70,39.60,37.25,39.29,11360961,0
20090507,39.48,40.91,39.02,40.87,14233806,0
20090508,41.18,41.66,40.51,41.10,8747058,0
20090511,40.51,40.91,40.05,40.55,7628205,0
20090512,40.76,42.17,40.33,41.84,10475290,0
20090513,41.38,42.04,40.87,41.77,8644040,0
20090514,41.72,42.70,41.63,42.42,9419165,0
20090515,42.45,43.33,41.85,43.17,11216680,0
20090518,43.45,43.70,42.48,42.69,9992916,0
20090519,42.60,42.72,41.98,42.22,9561543,0
20090520,42.53,43.47,42.06,43.19,7575067,0
20090521,43.13,43.13,42.30,42.81,7137650,0
20090522,42.14,43.18,42.14,42.71,5313983,0
20090526,42.46,42.57,41.85,42.13,10845719,0
20090527,42.05,42.10,41.32,41.65,8895969,0
20090528,41.45,42.88,41.45,42.54,7339667,0
20090529,42.72,42.72,41.95,42.64,8213089,0
20090601,42.68,43.88,42.68,43.63,9056437,0
20090602,43.49,44.89,43.33,44.60,7371819,0
20090603,44.14,44.53,43.92,44.19,10864221,0
20090604,44.15,44.66,43.44,44.43,7750974,0
20090605,44.70,45.44,44.06,44.10,8512851,0
20090608,43.78,44.97,43.44,44.53,6577824,0
20090609,44.57,44.57,43.55,43.85,11065835,0
20090610,43.86,44.29,42.79,43.52,8962487,0
20090611,43.42,44.99,43.40,43.88,10803115,0
20090612,43.67,44.50,43.20,43.52,7668065,0
20090615,43.09,43.58,42.83,42.89,10373623,0
20090616,43.10,43.28,42.22,42.26,9264440,0
20090617,42.22,42.36,41.82,41.90,8242753,0
20090618,42.04,43.12,41.94,42.53,10791513,0
20090619,42.71,42.90,42.00,42.15,17642901,0
20090622,41.54,41.76,41.15,41.58,14083138,0
20090623,41.31,41.73,41.28,41.46,10973253,0
20090624,41.56,41.99,41.34,41.63,9114531,0
20090625,41.42,43.06,41.38,42.98,8934350,0
20090626,41.90,42.99,41.75,42.61,8200844,0
20090629,42.77,43.44,42.50,43.39,7483733,0
20090630,43.47,43.72,42.51,43.62,14363261,0
20090701,43.90,44.61,43.80,44.09,9547512,0
20090702,43.60,43.98,42.83,42.94,8504769,0
20090706,42.60,44.32,42.30,44.15,7844076,0
20090707,44.06,44.84,43.64,43.75,9543989,0
20090708,43.99,44.24,43.24,43.49,8665217,0
20090709,43.66,43.66,42.13,42.34,7482789,0
20090710,43.06,43.57,42.02,42.35,6831410,0
20090713,42.54,43.12,42.29,42.90,6203033,0
20090714,42.87,42.98,42.52,42.66,6033068,0
20090715,42.88,44.08,42.75,44.03,6779058,0
20090716,43.50,43.87,43.01,43.30,7422225,0
20090717,43.50,44.07,43.03,44.00,6574239,0
20090720,44.22,44.22,43.23,43.95,9231172,0
20090721,44.07,44.49,43.35,43.90,5925544,0
20090722,43.80,44.25,43.71,43.88,5176207,0
20090723,44.44,47.00,44.35,46.02,11303129,0
20090724,45.90,47.39,45.59,47.30,9537589,0
20090727,47.17,48.63,46.34,46.70,8754628,0
20090728,45.74,46.58,45.74,46.48,7305249,0
20090729,46.25,46.96,46.03,46.82,5760953,0
20090730,46.91,47.49,46.65,46.82,6425584,0
20090731,46.68,47.74,46.43,46.60,6473680,0
20090803,47.03,47.89,46.65,46.82,9392042,0
20090804,46.78,47.35,46.55,46.98,5132105,0
20090805,46.91,47.06,46.50,46.77,6272635,0
20090806,46.84,47.02,46.34,46.99,4758286,0
20090807,47.31,47.47,46.70,47.06,5111748,0
20090810,46.63,47.24,46.59,47.20,5780856,0
20090811,47.19,47.80,46.73,46.79,6113375,0
20090812,46.60,47.15,46.48,46.54,5808808,0
20090813,46.54,46.78,46.05,46.43,5642882,0
20090814,46.31,46.95,46.03,46.62,4689332,0
20090817,46.08,46.74,45.39,45.46,7421544,0
20090818,45.45,46.70,45.03,46.32,6601592,0
20090819,46.00,46.10,45.40,45.79,7579731,0
20090820,45.78,46.64,45.62,46.48,5494080,0
20090821,46.70,47.18,46.39,46.87,7336952,0
20090824,46.67,47.56,46.67,47.43,6390521,0
20090825,47.34,47.52,46.78,46.80,9506976,0
20090826,46.63,47.25,46.55,46.68,7146865,0
20090827,46.67,46.90,46.00,46.27,6784280,0
20090828,46.10,46.26,45.29,45.36,7727320,0
20090831,45.24,45.90,45.24,45.71,8126668,0
20090901,45.67,45.93,45.08,45.16,7414213,0
20090902,45.05,45.99,45.00,45.64,6145150,0
20090903,45.95,45.95,45.13,45.82,7037887,0
20090904,45.76,46.14,45.65,46.05,4769356,0
20090908,46.39,47.48,45.92,47.45,10048802,0
20090909,47.25,47.63,46.76,47.22,6826119,0
20090910,47.24,47.48,46.46,46.82,6629786,0
20090911,46.75,47.84,46.62,47.42,7410583,0
20090914,47.01,47.99,46.81,47.66,7044179,0
20090915,47.75,47.90,46.71,46.90,7110034,0
20090916,47.12,47.55,46.92,47.50,7673011,0
20090917,47.51,48.02,47.47,47.53,7710351,0
20090918,47.65,48.50,47.65,48.18,17568629,0
20090921,48.10,48.54,48.00,48.43,5370457,0
20090922,48.65,48.93,48.22,48.93,7484006,0
20090923,49.04,49.95,48.90,49.40,8996883,0
20090924,49.10,49.10,48.15,48.29,10624090,0
20090925,48.10,48.20,47.50,47.64,6395122,0
20090928,47.70,48.29,47.66,48.02,4432853,0
20090929,48.14,48.96,48.02,48.72,5636262,0
20090930,48.71,48.85,47.91,48.74,8976825,0
20091001,48.68,48.74,48.12,48.32,7630175,0
20091002,48.12,48.49,48.00,48.36,6963067,0
20091005,48.50,49.27,47.77,49.05,9709460,0
20091006,49.17,50.03,49.13,49.91,8904242,0
20091007,49.80,49.86,49.40,49.59,9683922,0
20091008,49.86,50.60,49.74,50.35,7529006,0
20091009,50.67,50.97,49.86,50.19,5219376,0
20091012,50.38,50.55,50.05,50.45,3311372,0
20091013,50.28,50.40,49.64,49.88,5416880,0
20091014,50.12,50.58,49.51,50.33,5591897,0
20091015,50.09,50.70,50.08,50.38,7219148,0
20091016,50.19,51.25,50.08,50.95,8630611,0
20091019,51.06,51.78,50.76,51.45,6689806,0
20091020,51.56,52.35,51.45,51.55,8639648,0
20091021,51.30,51.70,50.43,50.82,7966060,0
20091022,50.69,50.79,48.50,49.46,13783661,0
20091023,49.37,49.44,48.68,49.07,7676415,0
20091026,49.26,49.52,48.60,48.75,7051728,0
20091027,48.78,49.25,48.39,48.91,7695645,0
20091028,48.65,49.47,48.58,48.96,8683733,0
20091029,48.99,49.33,48.45,49.01,7444898,0
20091030,49.00,49.00,47.07,47.36,15503475,0
20091102,47.38,48.71,47.08,48.57,9781622,0
20091103,48.26,48.38,47.65,47.85,8176402,0
20091104,48.03,48.22,47.29,47.38,8214639,0
20091105,47.60,48.79,47.60,48.66,8078161,0
20091106,48.48,48.92,48.19,48.83,6527519,0
20091109,49.11,50.00,48.95,49.87,6462166,0
20091110,49.62,50.37,49.43,49.83,5521084,0
20091111,50.07,50.25,49.29,49.35,4880805,0
20091112,49.26,50.25,49.25,49.96,6943978,0
20091113,50.07,50.29,49.74,50.15,5835971,0
20091116,50.10,50.85,50.00,50.64,8650063,0
20091117,50.51,50.98,50.41,50.61,6530372,0
20091118,50.49,50.61,50.20,50.52,6059862,0
20091119,50.21,50.38,49.91,50.14,6392071,0
20091120,50.01,50.28,49.63,49.73,7772349,0
20091123,49.88,50.38,49.67,50.07,7239517,0
20091124,50.09,50.72,50.05,50.32,8046782,0
20091125,50.35,50.57,50.15,50.31,5797268,0
20091127,49.49,50.25,49.12,49.99,3604527,0
20091130,49.96,49.99,48.01,48.09,17340437,0
20091201,48.53,49.47,48.50,49.17,9530099,0
20091202,49.17,49.83,49.06,49.17,5426718,0
20091203,49.20,49.83,49.13,49.48,8830470,0
20091204,49.78,50.50,49.42,49.82,8208159,0
20091207,49.61,50.15,49.54,49.84,8917319,0
20091208,49.60,49.91,48.45,49.04,8198259,0
20091209,49.49,49.67,48.66,49.06,7889661,0
20091210,49.27,49.59,48.70,48.87,6891460,0
20091211,48.87,49.32,48.40,48.48,9230276,0
20091214,49.56,50.44,49.33,50.26,12467831,0
20091215,49.81,50.39,49.75,50.07,7803740,0
20091216,50.00,50.54,49.93,50.08,9946175,0
20091217,49.96,49.98,49.21,49.29,8657943,0
20091218,49.77,49.77,48.32,48.66,20179083,0
20091221,49.15,49.46,48.99,49.25,9101975,0
20091222,49.42,49.83,49.35,49.60,7071192,0
20091223,48.93,49.32,48.72,48.80,7117560,0
20091224,48.76,49.08,48.76,48.90,2514305,0
20091228,48.90,49.08,48.73,48.85,4449103,0
20091229,48.78,48.99,48.60,48.85,4915995,0
20091230,48.59,48.95,48.46,48.66,4561306,0
20091231,48.59,48.88,48.12,48.19,4383062,0
20100104,48.33,49.59,48.25,49.35,7844437,0
20100105,49.37,49.57,48.76,48.92,7168586,0
20100106,48.66,49.00,48.29,48.92,11777288,0
20100107,48.77,49.60,48.56,49.53,8905428,0
20100108,49.32,49.52,48.78,49.26,6582752,0
20100111,49.78,49.80,49.25,49.44,6092951,0
20100112,49.37,49.37,48.85,49.17,6752917,0
20100113,49.17,49.89,49.17,49.67,5926340,0
20100114,49.48,49.98,49.48,49.60,4602181,0
20100115,49.66,49.97,49.46,49.62,8269156,0
20100119,49.60,50.20,49.51,50.09,8804264,0
20100120,49.90,49.91,48.70,49.24,6461374,0
20100121,49.22,49.31,47.59,47.73,10276042,0
20100122,47.60,47.77,46.71,46.81,8718131,0
20100125,47.09,47.63,47.02,47.05,5880884,0
20100126,46.69,47.40,46.69,47.00,5858188,0
20100127,46.85,47.10,46.22,46.64,5177670,0
20100128,46.66,47.10,46.02,46.21,5594485,0
20100129,46.53,47.09,45.43,45.51,7064199,0
20100201,45.74,46.23,45.63,46.11,8066172,0
20100202,46.21,47.72,46.07,47.60,8715595,0
20100203,47.33,47.44,46.81,46.97,5001753,0
20100204,46.60,46.81,45.90,45.94,6733746,0
20100205,46.22,46.22,45.01,45.66,8451123,0
20100208,45.31,46.28,45.31,45.53,5242420,0
20100209,45.93,47.00,45.70,46.85,8742339,0
20100210,46.81,47.09,46.39,46.81,6480696,0
20100211,46.65,48.93,46.05,48.67,16677988,0
20100212,48.35,49.93,48.20,49.29,13040658,0
20100216,49.60,49.92,49.06,49.42,11304018,0
20100217,49.51,49.89,49.35,49.83,7402394,0
20100218,49.59,50.35,49.59,50.28,7533338,0
20100219,50.20,50.41,49.80,49.98,8931815,0
20100222,50.00,50.07,49.68,49.75,8233468,0
20100223,49.75,50.00,49.18,49.30,10514605,0
20100224,49.32,49.97,48.97,49.83,8305855,0
20100225,49.43,49.88,49.00,49.61,9595970,0
20100226,49.62,49.63,48.95,48.98,8502733,0
20100301,49.05,49.25,48.79,48.93,8198242,0
20100302,49.39,50.09,49.11,49.81,7126678,0
20100303,49.82,50.16,49.72,49.98,7166714,0
20100304,50.16,50.80,50.06,50.66,7350142,0
20100305,50.75,51.38,50.52,51.25,7140400,0
20100308,51.13,51.28,50.68,50.79,6970660,0
20100309,50.61,50.78,50.20,50.38,6203706,0
20100310,50.25,50.41,49.85,50.30,5967252,0
20100311,50.29,50.51,49.68,50.24,8066782,0
20100312,50.25,50.50,49.95,50.14,6118126,0
20100315,50.05,51.12,49.81,50.92,9130957,0
20100316,50.98,51.43,50.82,51.24,5970132,0
20100317,51.45,51.92,51.27,51.83,6784255,0
20100318,51.94,51.99,51.65,51.82,6092435,0
20100319,51.92,52.85,51.83,52.68,15243702,0
20100322,52.39,53.07,52.23,52.89,6994484,0
20100323,52.20,52.44,51.69,52.44,7052764,0
20100324,52.43,52.70,51.84,51.89,8034106,0
20100325,52.12,52.53,51.66,51.72,6076133,0
20100326,51.78,52.45,51.68,52.12,5112341,0
20100329,52.27,52.74,52.25,52.53,7271519,0
20100330,52.62,52.92,52.16,52.49,4820592,0
20100331,52.50,52.50,51.95,52.16,6486065,0
20100401,52.24,52.68,52.16,52.47,5846752,0
20100405,52.60,52.99,52.36,52.85,4391186,0
20100406,52.64,52.95,52.55,52.65,4451188,0
20100407,52.57,52.80,52.29,52.52,5572549,0
20100408,52.29,52.72,52.21,52.37,4755669,0
20100409,52.76,52.81,52.03,52.75,4844398,0
20100412,52.86,53.20,52.74,52.95,5055552,0
20100413,52.78,52.82,52.08,52.46,4531800,0
20100414,52.09,52.09,50.80,51.30,12743147,0
20100415,50.65,51.62,50.65,51.59,6596790,0
20100416,51.45,51.68,50.56,50.74,8823904,0
20100419,50.55,51.44,50.55,51.35,5769716,0
20100420,51.48,53.91,51.16,51.92,6891111,0
20100421,51.97,52.87,51.80,51.99,6611614,0
20100422,50.38,51.32,50.08,51.24,10098849,0
20100423,51.18,51.23,50.60,51.14,6457697,0
20100426,51.04,51.14,50.06,50.13,7802604,0
20100427,50.01,50.07,48.22,48.44,12137373,0
20100428,48.67,49.34,48.53,49.09,9074759,0
20100429,49.45,50.30,49.33,49.58,7825571,0
20100430,49.47,49.81,49.02,49.08,6884731,0
20100503,49.32,49.68,49.15,49.42,6482639,0
20100504,49.01,49.75,48.86,49.00,9986232,0
20100505,48.89,49.55,48.50,48.71,7506521,0
20100506,48.58,48.92,44.00,47.00,16460789,0
20100507,46.14,47.00,45.92,46.42,14566105,0
20100510,47.91,49.04,47.70,48.35,9709634,0
20100511,47.74,48.63,47.74,48.35,8926286,0
20100512,47.93,48.31,47.52,47.99,8494787,0
20100513,47.86,48.19,47.31,47.36,6602695,0
20100514,47.27,47.47,46.29,46.56,10548866,0
20100517,46.60,46.83,45.89,46.25,9077154,0
20100518,46.44,46.76,45.37,45.56,10437737,0
20100519,45.37,46.52,45.10,46.26,11069775,0
20100520,45.47,45.92,44.49,44.55,11390864,0
20100521,43.90,44.71,43.38,44.26,16036361,0
20100524,44.04,44.72,43.57,44.30,12672932,0
20100525,43.60,43.92,42.97,43.72,15890969,0
20100526,43.85,44.56,43.55,43.70,14571144,0
20100527,44.23,44.80,44.09,44.70,11526795,0
20100528,44.76,44.80,44.02,44.12,14109018,0
20100601,43.77,44.59,43.51,43.97,9173451,0
20100602,44.04,45.06,44.04,45.05,9575171,0
20100603,45.06,45.36,44.69,45.02,6413410,0
20100604,44.57,44.75,43.51,43.74,11855238,0
20100607,43.72,44.25,43.07,43.17,10535989,0
20100608,43.13,43.77,42.94,43.73,11988086,0
20100609,43.98,45.14,43.78,44.15,11085634,0
20100610,44.59,45.58,44.59,45.11,9979295,0
20100611,44.84,44.94,43.09,44.35,15483901,0
20100614,44.61,45.95,44.61,45.57,11379107,0
20100615,46.22,46.22,45.47,45.56,9119768,0
20100616,45.39,45.78,45.13,45.55,6227687,0
20100617,45.78,45.96,45.34,45.60,7425796,0
20100618,45.67,46.28,45.60,45.91,13155325,0
20100621,46.28,46.64,45.93,46.29,10605109,0
20100622,45.81,46.00,44.95,44.99,8248510,0
20100623,45.96,47.08,45.90,46.49,15496228,0
20100624,46.28,46.72,46.04,46.43,13230093,0
20100625,46.56,47.00,45.90,45.90,17658200,0
20100628,46.00,46.68,45.90,46.29,9271314,0
20100629,45.90,46.80,45.54,45.72,11364025,0
20100630,46.15,46.36,45.75,45.84,10800447,0
20100701,45.77,46.68,45.55,46.55,12567365,0
20100702,46.63,46.88,46.23,46.45,6941736,0
20100706,46.75,47.19,46.34,46.77,9050121,0
20100707,46.59,47.56,46.39,47.54,11016409,0
20100708,47.94,48.68,47.67,48.54,8888124,0
20100709,48.80,48.90,48.22,48.59,5783581,0
20100712,48.57,48.99,48.26,48.84,5135907,0
20100713,49.12,49.45,49.00,49.30,5681194,0
20100714,49.18,49.73,48.96,49.52,5538942,0
20100715,49.62,50.30,49.33,50.10,8227414,0
20100716,49.99,50.89,49.51,49.67,8352486,0
20100719,49.51,50.10,49.43,49.96,5500865,0
20100720,49.66,50.75,49.63,50.63,6860188,0
20100721,50.78,50.86,49.20,49.89,8481463,0
20100722,50.38,51.09,49.90,50.84,8090487,0
20100723,50.82,50.97,50.27,50.66,7965457,0
20100726,50.57,51.23,50.57,51.19,5318468,0
20100727,51.26,51.38,50.94,51.34,7215039,0
20100728,51.36,51.45,50.90,51.04,5187202,0
20100729,51.16,51.55,50.78,51.18,7213489,0
20100730,50.80,51.30,50.60,51.04,7115804,0
20100802,51.47,52.00,51.25,51.96,6943904,0
20100803,51.81,52.50,51.81,52.15,6831014,0
20100804,52.13,52.50,51.96,52.24,4902923,0
20100805,52.08,52.09,51.70,51.82,6634591,0
20100806,51.53,52.21,51.23,52.19,6231839,0
20100809,52.10,52.62,52.00,52.54,6837590,0
20100810,52.09,53.24,52.05,52.97,8211702,0
20100811,52.22,52.47,51.63,51.75,7369590,0
20100812,51.22,52.16,51.18,51.85,7476856,0
20100813,51.59,52.28,51.59,51.99,6285090,0
20100816,51.66,52.06,50.96,51.99,5486585,0
20100817,52.34,53.04,51.99,52.57,6507662,0
20100818,52.55,52.99,52.22,52.76,9184196,0
20100819,52.72,52.72,51.62,52.00,9741698,0
20100820,51.75,52.43,51.75,51.98,7730069,0
20100823,52.10,52.49,51.71,51.73,5506424,0
20100824,51.10,51.71,51.06,51.51,7320210,0
20100825,51.17,51.75,50.93,51.52,10836238,0
20100826,51.54,51.84,50.54,51.06,6955205,0
20100827,51.14,51.63,50.65,51.44,6943023,0
20100830,51.08,51.91,51.08,51.43,3937862,0
20100831,51.37,51.77,51.02,51.36,6512908,0
20100901,51.88,53.09,51.88,52.97,8460206,0
20100902,52.97,53.36,52.87,53.29,6497467,0
20100903,53.11,54.10,53.11,54.04,6718476,0
20100907,53.92,54.25,53.57,53.64,5649599,0
20100908,53.61,53.86,53.40,53.62,7384683,0
20100909,53.68,53.97,53.22,53.75,7495223,0
20100910,53.87,54.87,53.81,54.60,6994331,0
20100913,54.96,54.99,54.32,54.77,6024635,0
20100914,54.55,55.00,54.26,54.86,7006819,0
20100915,54.86,55.60,54.63,55.54,6853624,0
20100916,55.20,55.30,54.81,55.11,7305375,0
20100917,55.30,55.90,55.07,55.12,9668820,0
20100920,55.29,56.23,55.00,55.95,7969083,0
20100921,56.03,56.25,55.46,56.04,9415296,0
20100922,55.13,55.40,54.90,55.19,7836184,0
20100923,54.78,55.65,54.61,55.11,5943615,0
20100924,55.58,56.50,55.56,56.10,6991947,0
20100927,55.98,56.22,55.45,55.46,5742797,0
20100928,55.40,56.19,55.17,56.08,7329565,0
20100929,55.97,56.65,55.75,56.32,6344244,0
20100930,56.48,57.11,55.81,56.02,7636307,0
20101001,56.04,56.51,55.45,55.55,7625599,0
20101004,55.39,55.71,55.10,55.29,5167503,0
20101005,55.66,55.97,55.15,55.35,10135375,0
20101006,55.40,56.93,55.37,56.31,10977456,0
20101007,56.56,56.65,55.95,56.29,6645834,0
20101008,56.75,57.20,56.60,56.63,6367689,0
20101011,56.96,57.16,56.33,56.42,3330565,0
20101012,56.48,57.30,56.40,57.18,5311761,0
20101013,57.39,57.75,57.01,57.36,6377377,0
20101014,57.40,57.90,57.39,57.75,5885707,0
20101015,58.02,58.78,58.02,58.54,13176293,0
20101018,58.34,58.56,58.06,58.38,6676781,0
20101019,57.81,58.04,56.66,57.07,8711315,0
20101020,57.22,57.69,57.01,57.48,5815277,0
20101021,56.88,57.85,56.49,57.56,6863829,0
20101022,57.92,58.29,57.58,58.13,4375028,0
20101025,58.53,59.85,58.47,59.47,9071893,0
20101026,59.15,59.53,58.93,59.50,5663835,0
20101027,58.97,59.14,58.38,58.98,6202882,0
20101028,59.27,59.70,58.93,59.26,5687161,0
20101029,59.06,59.26,58.50,58.51,6342152,0
20101101,58.61,59.31,58.12,58.29,7300294,0
20101102,58.38,59.00,58.14,58.46,7546046,0
20101103,58.60,59.53,58.40,59.30,6336712,0
20101104,59.88,60.83,59.70,60.82,8143368,0
20101105,60.87,60.87,60.18,60.44,7496530,0
20101108,60.03,60.39,59.85,60.22,6237105,0
20101109,60.01,60.20,59.41,59.56,5745390,0
20101110,59.48,59.79,59.16,59.61,5302280,0
20101111,59.05,59.86,59.02,59.82,5694251,0
20101112,59.66,59.88,59.29,59.64,5842407,0
20101115,59.61,59.96,59.35,59.45,4684990,0
20101116,59.22,59.51,58.26,58.54,9171152,0
20101117,58.68,58.94,57.79,57.79,7485640,0
20101118,58.51,59.85,58.34,59.45,9374251,0
20101119,59.46,59.86,58.97,59.81,7446346,0
20101122,59.24,59.53,58.86,59.48,7450995,0
20101123,58.78,58.96,58.41,58.77,8532436,0
20101124,59.18,59.29,58.86,59.21,6334228,0
20101126,58.92,59.09,58.50,58.78,2064470,0
20101129,58.34,58.36,57.33,57.82,11541517,0
20101130,57.48,57.58,56.75,56.89,11513024,0
20101201,57.37,57.97,56.71,57.70,8113951,0
20101202,57.51,58.01,57.30,57.93,6585929,0
20101203,57.60,58.54,57.46,58.12,7033230,0
20101206,58.08,58.65,57.81,58.53,9233906,0
20101207,58.96,59.40,58.89,59.40,10943370,0
20101208,59.45,59.50,59.08,59.35,6173359,0
20101209,59.71,59.80,59.18,59.39,4847330,0
20101210,59.52,59.92,58.89,59.00,6760419,0
20101213,59.05,59.23,58.34,58.70,7765516,0
20101214,58.82,59.43,58.75,59.39,5581823,0
20101215,58.88,59.60,58.87,59.41,6649825,0
20101216,59.37,59.74,58.96,59.71,5942611,0
20101217,59.67,59.87,59.17,59.69,11569485,0
20101220,59.79,60.14,59.43,59.57,7457083,0
20101221,59.41,59.55,58.30,58.48,6155245,0
20101222,58.63,58.94,58.25,58.87,4701256,0
20101223,58.68,58.92,58.38,58.67,2826661,0
20101227,58.51,58.77,58.43,58.60,2641889,0
20101228,58.58,58.83,58.22,58.53,3018708,0
20101229,58.72,58.93,58.51,58.75,2783094,0
20101230,58.64,58.75,58.33,58.49,2304117,0
20101231,58.48,58.85,58.31,58.53,2738207,0
20110103,58.88,58.99,58.43,58.67,5053612,0
20110104,58.48,58.95,58.15,58.67,5779427,0
20110105,58.80,58.92,57.79,58.50,5639549,0
20110106,58.25,58.40,57.36,57.72,7922327,0
20110107,57.23,57.49,55.92,56.42,12092287,0
20110110,56.43,56.74,55.85,56.51,8866959,0
20110111,56.75,56.95,55.92,56.02,7971001,0
20110112,56.32,56.59,56.00,56.59,7355288,0
20110113,56.37,56.58,56.11,56.50,6038812,0
20110114,56.29,56.77,56.18,56.67,5394276,0
20110118,56.54,57.00,55.98,56.22,8002085,0
20110119,56.29,56.62,56.16,56.59,7534914,0
20110120,56.62,56.87,56.26,56.49,6741261,0
20110121,56.82,57.00,56.26,56.70,10526901,0
20110124,56.58,57.18,56.25,57.10,6128636,0
20110125,56.87,57.62,56.72,57.53,5851583,0
20110126,57.67,57.75,57.34,57.38,5347629,0
20110127,57.55,57.58,56.94,56.99,6062059,0
20110128,57.30,57.31,56.55,56.60,7435193,0
20110131,56.84,57.26,56.46,57.24,6955750,0
20110201,57.52,58.21,57.50,57.72,6181231,0
20110202,57.48,57.76,57.33,57.68,4925540,0
20110203,57.49,58.09,57.49,58.01,4650851,0
20110204,58.07,58.76,57.91,58.67,5992065,0
20110207,58.91,59.00,58.46,59.00,4570297,0
20110208,59.00,59.11,58.65,59.06,4411464,0
20110209,58.61,59.67,58.50,59.54,5387350,0
20110210,59.29,59.90,58.89,59.17,7236469,0
20110211,58.91,59.86,58.87,59.62,5341657,0
20110214,59.53,59.77,59.09,59.74,4934788,0
20110215,59.46,60.18,59.44,59.89,5315463,0
20110216,60.12,60.76,59.94,60.70,5721384,0
20110217,60.39,60.88,60.30,60.84,5427178,0
20110218,60.86,61.64,60.80,61.43,5768689,0
20110222,60.82,61.99,60.50,61.54,7172845,0
20110223,61.55,62.38,61.50,61.98,9057595,0
20110224,61.81,63.00,61.79,62.29,7587313,0
20110225,62.43,62.69,62.00,62.25,5443000,0
20110228,62.68,63.12,62.40,62.78,7560925,0
20110301,63.06,63.63,62.21,62.27,7322157,0
20110302,62.31,63.33,62.13,62.92,6569569,0
20110303,63.35,63.95,63.10,63.67,9532198,0
20110304,63.69,63.88,63.03,63.50,12611494,0
20110307,63.66,64.42,63.52,63.64,10175238,0
20110308,63.85,64.60,63.78,64.25,5596677,0
20110309,64.17,64.45,63.89,64.35,4947116,0
20110310,63.82,64.19,63.59,63.76,6675728,0
20110311,63.43,63.98,63.37,63.78,5533982,0
20110314,63.55,63.84,63.23,63.58,5927810,0
20110315,62.49,62.91,61.88,62.70,11359072,0
20110316,62.44,62.64,61.45,61.87,11381143,0
20110317,62.45,62.78,61.67,61.79,7972689,0
20110318,61.70,62.53,61.35,61.72,11877266,0
20110321,62.21,63.53,61.91,62.95,6365711,0
20110322,62.33,63.89,62.21,63.34,7778305,0
20110323,63.26,64.11,63.08,63.84,5225714,0
20110324,64.05,64.74,63.80,64.52,6871515,0
20110325,64.65,65.47,64.53,65.12,7122181,0
20110328,65.38,65.62,65.17,65.17,4711502,0
20110329,64.79,65.29,64.61,65.26,6214480,0
20110330,65.85,65.92,65.24,65.70,7715262,0
20110331,65.75,65.90,65.34,65.63,7647822,0
20110401,65.87,66.02,64.91,64.93,6338994,0
20110404,64.93,65.05,64.49,64.92,7125914,0
20110405,64.76,65.97,64.65,65.55,4982904,0
20110406,65.75,66.05,65.48,65.81,4979480,0
20110407,65.62,65.69,65.07,65.68,6411170,0
20110408,65.66,66.04,65.52,65.83,5468078,0
20110411,66.27,67.28,66.25,66.83,6954301,0
20110412,66.59,66.82,65.82,66.04,5360641,0
20110413,65.90,66.21,65.72,66.11,5849589,0
20110414,65.98,66.45,65.83,66.19,6948639,0
20110415,66.39,66.74,65.96,66.56,5610174,0
20110418,66.08,66.49,65.48,65.76,5868973,0
20110419,65.61,66.19,65.31,66.13,4527720,0
20110420,66.85,67.35,66.42,66.48,5667567,0
20110421,67.01,68.21,66.84,67.61,6486246,0
20110425,67.75,67.91,67.36,67.60,4780283,0
20110426,67.80,68.09,67.34,67.59,8041567,0
20110427,67.53,67.59,66.94,67.52,6114493,0
20110428,67.47,69.22,67.42,69.03,6410943,0
20110429,69.16,69.79,68.63,69.44,5596835,0
20110502,69.81,69.92,69.16,69.31,6092785,0
20110503,69.03,69.63,68.85,69.55,7871486,0
20110504,69.55,69.83,69.08,69.35,5017200,0
20110505,69.18,69.45,68.25,68.39,6427781,0
20110506,68.80,69.39,68.57,68.60,6075373,0
20110509,68.84,69.00,68.17,68.29,5465583,0
20110510,68.42,68.49,68.17,68.28,7362638,0
20110511,68.30,68.58,67.98,68.17,6199956,0
20110512,68.13,68.25,67.95,68.21,6824744,0
20110513,68.26,69.08,68.26,68.31,7168206,0
20110516,68.02,68.70,67.84,68.44,6758182,0
20110517,68.25,68.73,68.24,68.59,4507637,0
20110518,68.74,69.40,68.46,69.28,8411942,0
20110519,69.55,70.77,69.54,70.68,7541217,0
20110520,70.61,70.68,69.99,70.19,4671630,0
20110523,69.41,69.80,68.91,69.10,5527476,0
20110524,69.00,70.09,68.91,69.86,6350042,0
20110525,69.42,69.71,69.12,69.49,5681914,0
20110526,69.45,70.67,69.07,70.30,6384285,0
20110527,70.24,70.73,70.20,70.52,3858599,0
20110531,70.82,71.75,70.76,71.75,8215967,0
20110601,71.70,71.75,71.03,71.07,6768806,0
20110602,70.92,70.99,69.63,69.91,6426733,0
20110603,69.25,69.65,68.76,68.99,5985495,0
20110606,68.79,68.99,68.25,68.32,7686524,0
20110607,68.60,68.62,67.79,67.81,8346789,0
20110608,67.55,68.32,67.12,68.04,6347061,0
20110609,68.31,68.61,67.53,68.12,5635204,0
20110610,67.82,68.08,67.35,67.35,5328234,0
20110613,67.30,67.83,66.80,67.53,8626459,0
20110614,68.16,69.51,67.83,68.92,8346284,0
20110615,68.58,68.74,66.52,67.51,7270792,0
20110616,67.44,68.03,67.07,67.52,5430407,0
20110617,67.95,69.00,67.95,68.48,8801496,0
20110620,68.46,69.41,68.43,69.08,4984259,0
20110621,68.87,68.90,67.93,68.05,5184543,0
20110622,67.62,67.83,66.64,66.65,8352195,0
20110623,66.28,66.36,65.51,66.17,7146165,0
20110624,66.16,66.16,64.68,65.10,10962360,0
20110627,65.40,66.16,65.20,65.92,7109355,0
20110628,66.16,66.17,65.52,65.89,4977378,0
20110629,66.35,66.61,66.02,66.17,5401529,0
20110630,66.45,66.81,66.06,66.77,5419848,0
20110701,66.66,67.14,66.48,66.75,5212711,0
20110705,66.90,68.16,66.79,67.19,7157737,0
20110706,67.32,68.59,67.18,68.24,6416911,0
20110707,68.65,69.38,68.65,69.14,6035348,0
20110708,68.64,69.46,68.47,69.41,5317000,0
20110711,69.62,69.65,68.43,68.68,5363898,0
20110712,68.63,68.80,67.00,67.10,7766589,0
20110713,67.45,67.53,66.61,66.84,4570286,0
20110714,66.58,66.90,66.23,66.42,4561696,0
20110715,66.62,67.07,66.17,66.93,5459667,0
20110718,66.80,67.44,66.48,66.83,4252471,0
20110719,67.16,68.72,67.06,68.51,6244868,0
20110720,68.49,68.50,67.18,68.19,5556282,0
20110721,69.75,71.76,69.74,71.49,11082413,0
20110722,71.38,72.26,71.30,72.11,7295169,0
20110725,71.73,72.32,70.91,72.13,5292491,0
20110726,72.01,72.50,71.60,71.92,4713553,0
20110727,71.48,72.56,71.48,71.77,5796349,0
20110728,71.89,72.74,71.61,72.35,6880170,0
20110729,71.70,71.99,71.17,71.17,9143893,0
20110801,71.62,71.66,69.86,70.72,6056885,0
20110802,70.42,70.89,69.75,69.75,7059920,0
20110803,69.91,70.00,69.18,69.96,7724928,0
20110804,69.23,69.37,67.22,67.40,11139259,0
20110805,68.05,69.76,67.12,69.34,14179860,0
20110808,67.83,69.17,66.09,66.27,16489254,0
20110809,66.58,67.56,64.23,67.40,19274160,0
20110810,67.09,67.17,64.65,64.90,14335099,0
20110811,65.27,66.23,64.77,65.55,13389738,0
20110812,66.42,66.81,65.73,66.63,10255767,0
20110815,66.92,68.33,66.68,68.33,11101779,0
20110816,67.87,68.48,67.34,67.70,7347162,0
20110817,68.09,69.72,68.02,69.06,8695427,0
20110818,67.86,68.88,67.63,68.50,11290562,0
20110819,67.64,70.78,67.64,68.83,11874615,0
20110822,70.23,70.54,68.50,68.72,8067234,0
20110823,68.70,70.30,68.39,70.27,8924863,0
20110824,70.00,70.58,69.73,70.14,7765011,0
20110825,70.11,70.25,68.58,68.87,8085418,0
20110826,68.80,69.54,67.76,69.20,7422448,0
20110829,69.89,70.68,69.80,70.50,6216886,0
20110830,70.31,70.51,69.80,70.12,6688098,0
20110831,70.39,70.64,69.09,69.32,9735101,0
20110901,69.42,70.07,69.07,69.30,8491163,0
20110902,68.77,69.33,68.12,68.24,6369779,0
20110906,66.90,67.92,66.72,67.81,9626029,0
20110907,68.28,68.96,67.94,68.96,9285864,0
20110908,68.47,68.98,68.42,68.55,6845997,0
20110909,68.05,68.24,65.50,65.90,17242061,0
20110912,64.98,66.06,64.42,66.02,28147733,0
20110913,65.99,66.46,65.19,65.97,6781126,0
20110914,66.85,68.32,66.52,67.59,11288521,0
20110915,68.31,68.49,67.66,68.29,7060155,0
20110916,68.73,69.27,68.00,69.08,15149563,0
20110919,68.16,68.57,67.65,67.91,11024602,0
20110920,68.65,69.17,68.25,68.28,7621613,0
20110921,68.68,68.83,66.71,66.80,8641605,0
20110922,65.77,65.77,63.66,64.96,16868486,0
20110923,63.72,64.74,63.50,63.81,10699083,0
20110926,64.27,64.69,63.52,64.58,8133514,0
20110927,65.36,65.54,64.36,64.71,8374394,0
20110928,64.99,65.01,63.26,63.38,6527015,0
20110929,64.21,64.78,63.12,64.01,5979311,0
20110930,63.48,64.15,62.32,62.38,9174094,0
20111003,62.24,63.29,61.75,61.76,10959498,0
20111004,61.18,62.99,60.45,62.80,9985174,0
20111005,63.47,63.72,62.81,63.29,7835824,0
20111006,63.42,64.60,63.12,64.58,6457788,0
20111007,64.96,65.57,64.60,65.13,7334000,0
20111010,65.92,66.39,65.53,66.05,4575894,0
20111011,66.44,66.45,65.08,65.30,6601793,0
20111012,65.92,66.65,65.31,66.31,8097099,0
20111013,66.27,66.75,65.82,66.45,5656692,0
20111014,67.19,67.40,66.90,67.40,7242707,0
20111017,67.49,68.06,66.86,67.04,6575095,0
20111018,66.68,67.06,65.36,66.31,7378268,0
20111019,66.51,67.09,65.98,66.03,5662243,0
20111020,67.78,69.11,67.36,68.19,12115930,0
20111021,68.98,70.37,68.90,70.00,13618398,0
20111024,70.11,70.28,69.32,69.48,7631105,0
20111025,68.50,69.40,68.48,68.84,10067877,0
20111026,69.76,70.83,69.14,70.80,10327054,0
20111027,71.80,72.47,70.99,72.00,10180944,0
20111028,72.05,72.49,71.32,72.12,6245948,0
20111031,71.61,72.01,69.74,69.87,10208106,0
20111101,68.18,69.31,67.75,68.76,9910406,0
20111102,69.08,70.17,68.93,69.87,7788461,0
20111103,70.19,70.96,70.02,70.79,5399306,0
20111104,70.66,70.86,69.87,70.21,5756226,0
20111107,70.13,70.58,69.48,70.50,3976549,0
20111108,70.60,71.32,70.08,71.20,4631305,0
20111109,70.02,70.32,69.12,69.62,6214851,0
20111110,70.02,71.21,70.02,71.00,5710211,0
20111111,71.50,72.12,71.35,71.64,4136499,0
20111114,71.64,71.67,70.86,71.21,5024078,0
20111115,71.37,71.75,70.90,71.52,4392656,0
20111116,71.50,73.17,71.06,71.62,7935013,0
20111117,71.47,73.46,71.47,72.08,7073416,0
20111118,72.36,73.29,72.32,73.09,8647250,0
20111121,71.82,72.53,71.54,72.00,6422545,0
20111122,72.11,72.58,71.85,72.01,5401778,0
20111123,71.46,71.62,70.82,71.02,5685884,0
20111125,71.01,72.24,70.98,71.31,3575324,0
20111128,72.10,73.15,72.00,73.09,6827776,0
20111129,73.38,75.45,73.38,74.46,8016817,0
20111130,75.93,76.40,75.09,76.24,9494856,0
20111201,76.10,77.00,75.58,75.69,5937992,0
20111202,75.97,76.44,75.32,75.47,5414455,0
20111205,76.71,77.03,75.36,75.87,5335880,0
20111206,75.79,75.84,75.30,75.58,5314793,0
20111207,75.23,75.88,74.75,75.58,5677989,0
20111208,75.33,75.58,74.39,74.56,6465315,0
20111209,75.20,75.89,74.97,75.58,5647692,0
20111212,75.32,75.86,74.77,75.15,7101489,0
20111213,75.85,76.54,75.35,75.51,6093384,0
20111214,75.30,76.47,74.61,74.86,7792539,0
20111215,75.67,76.29,75.29,75.92,6055097,0
20111216,76.43,76.63,75.29,75.60,8858150,0
20111219,76.04,76.81,75.79,76.20,6178039,0
20111220,76.12,76.82,75.93,76.70,6665304,0
20111221,76.87,78.29,76.61,78.18,6912876,0
20111222,78.44,78.55,77.45,77.85,4308387,0
20111223,78.05,78.90,77.95,78.75,3037432,0
20111227,78.99,79.42,78.42,78.83,2510509,0
20111228,78.68,79.15,78.36,78.51,2657140,0
20111229,78.88,79.19,78.67,79.10,3510976,0
20111230,79.16,79.25,78.18,78.48,3677959,0
20120103,79.16,79.96,78.52,78.59,6709370,0
20120104,78.15,78.50,77.80,78.45,5589424,0
20120105,78.17,78.67,77.80,78.21,5407035,0
20120106,77.67,77.81,76.65,77.08,6745838,0
20120109,77.06,77.26,76.60,76.86,4766737,0
20120110,77.65,77.90,76.92,77.32,4937374,0
20120111,77.17,77.85,76.53,76.60,5096331,0
20120112,76.58,77.12,76.41,76.45,4701301,0
20120113,76.22,77.40,76.07,77.32,4917703,0
20120117,77.10,77.47,75.76,75.90,6676995,0
20120118,75.81,75.81,72.85,73.26,13761390,0
20120119,73.69,74.52,73.13,73.78,8226422,0
20120120,73.96,74.62,73.65,74.52,6022395,0
20120123,74.39,75.10,74.09,74.86,5924155,0
20120124,74.65,75.20,73.87,74.15,4608696,0
20120125,73.83,76.93,73.70,76.81,8416995,0
20120126,77.15,77.15,75.86,76.38,5419745,0
20120127,76.29,76.73,75.22,75.46,5934481,0
20120130,75.12,75.23,74.51,74.90,4698967,0
20120131,75.03,75.21,74.50,74.77,5689155,0
20120201,75.19,76.08,75.15,75.75,4321586,0
20120202,76.02,76.02,75.33,75.84,2967150,0
20120203,76.45,76.80,75.81,76.62,3496197,0
20120206,76.46,77.18,76.26,76.85,3733653,0
20120207,76.51,77.98,76.49,77.60,5607067,0
20120208,77.59,77.91,77.07,77.88,5024516,0
20120209,77.90,80.99,77.84,80.06,10989135,0
20120210,80.08,80.48,79.71,80.44,7602730,0
20120213,80.69,81.89,80.42,81.61,7551771,0
20120214,81.22,81.65,81.00,81.65,5689198,0
20120215,81.89,82.05,81.17,81.55,4965710,0
20120216,81.64,82.31,81.27,81.94,4550742,0
20120217,82.34,82.66,81.51,81.74,5418309,0
20120221,82.27,82.68,81.90,82.27,5134647,0
20120222,82.10,82.77,81.54,82.29,5085615,0
20120223,81.97,82.36,81.31,82.17,4272753,0
20120224,82.50,83.08,82.29,83.02,4022999,0
20120227,82.60,83.36,82.49,83.10,4340155,0
20120228,83.18,83.95,83.00,83.86,4728850,0
20120229,84.00,84.30,83.52,83.52,5816909,0
20120301,83.50,84.33,82.91,84.23,4944839,0
20120302,84.29,84.73,83.79,84.55,4184645,0
20120305,84.40,85.43,84.14,85.42,4098095,0
20120306,84.82,85.42,83.97,84.06,6932930,0
20120307,84.04,84.39,83.26,84.07,4859979,0
20120308,84.81,85.16,84.54,84.62,3738121,0
20120309,84.94,85.24,84.61,84.61,3601439,0
20120312,84.93,85.56,83.90,84.54,8038055,0
20120313,84.78,85.76,84.59,85.71,5129095,0
20120314,85.34,85.76,84.95,85.45,5170671,0
20120315,85.46,85.90,85.24,85.90,4849880,0
20120316,85.97,86.17,85.54,85.81,7930635,0
20120319,85.82,86.60,85.46,86.34,3724581,0
20120320,85.83,86.66,85.82,86.54,4580063,0
20120321,86.54,86.70,86.06,86.12,4892149,0
20120322,85.98,87.14,85.92,86.84,6051295,0
20120323,86.86,87.15,86.43,86.83,6265776,0
20120326,87.09,88.51,87.00,88.15,6321553,0
20120327,88.07,88.51,87.52,87.52,5187821,0
20120328,87.50,87.59,86.62,86.97,6090472,0
20120329,86.51,87.00,86.14,86.65,4906389,0
20120330,87.07,88.86,87.07,88.61,6975062,0
20120402,88.86,89.62,88.85,89.38,4848271,0
20120403,88.79,89.02,88.29,88.98,7640552,0
20120404,88.63,90.10,88.60,89.49,7033158,0
20120405,89.10,89.25,88.11,88.64,6328292,0
20120409,87.95,88.70,87.95,88.37,3427873,0
20120410,88.09,88.23,86.89,87.05,5615546,0
20120411,87.64,88.20,87.30,87.52,5172429,0
20120412,87.74,87.78,86.62,87.26,5058829,0
20120413,87.55,88.79,87.41,87.84,6026302,0
20120416,88.17,88.26,86.53,87.04,5765829,0
20120417,87.26,87.90,86.79,87.45,4819382,0
20120418,87.00,88.11,86.63,87.74,4862744,0
20120419,88.00,88.00,86.10,86.75,6089674,0
20120420,86.38,88.32,86.14,87.81,6637988,0
20120423,87.16,87.58,86.61,86.94,4677614,0
20120424,87.09,87.26,86.12,86.17,5064773,0
20120425,86.40,87.88,86.18,87.64,6192200,0
20120426,87.82,88.75,87.46,88.55,4545754,0
20120427,88.99,90.63,88.67,89.81,7067852,0
20120430,89.81,89.98,89.00,89.51,6439101,0
20120501,89.31,91.05,89.31,90.00,5910941,0
20120502,89.81,90.68,89.81,90.31,5132795,0
20120503,90.02,90.63,89.51,89.96,5296650,0
20120504,89.75,90.11,89.00,89.13,3713276,0
20120507,88.99,89.18,88.22,88.28,5218135,0
20120508,88.12,88.41,87.11,87.72,6156185,0
20120509,86.84,86.98,85.64,85.64,7579780,0
20120510,86.32,86.74,85.99,86.16,5123156,0
20120511,85.57,86.47,85.57,86.15,4842219,0
20120514,85.65,86.00,85.13,85.39,4833343,0
20120515,85.27,85.67,84.55,84.72,4777133,0
20120516,84.78,85.66,84.58,85.24,5000038,0
20120517,85.12,85.31,84.19,84.20,4577868,0
20120518,84.52,85.31,84.11,84.30,6539006,0
20120521,84.60,84.86,83.78,84.74,4646212,0
20120522,84.99,85.77,84.70,85.06,4994830,0
20120523,84.73,84.97,83.99,84.33,4938483,0
20120524,84.43,85.50,84.34,85.34,5261625,0
20120525,85.34,85.90,85.25,85.38,3603857,0
20120529,85.43,85.73,84.92,85.59,3809898,0
20120530,84.95,85.47,84.64,84.88,4203439,0
20120531,84.84,85.26,84.41,84.51,5969049,0
20120601,83.16,83.78,82.46,82.79,7961695,0
20120604,82.62,82.70,81.34,81.91,6040284,0
20120605,81.41,82.11,81.10,81.91,4298296,0
20120606,82.01,83.07,81.91,83.07,4818073,0
20120607,83.95,84.08,83.40,83.60,3599795,0
20120608,83.40,84.11,83.23,83.97,3822377,0
20120611,84.41,85.18,84.08,84.38,14010041,0
20120612,84.64,85.47,84.33,85.01,4642146,0
20120613,85.86,87.05,85.20,85.70,4648265,0
20120614,85.99,87.99,85.89,87.34,4914659,0
20120615,87.94,88.19,87.19,87.73,8799981,0
20120618,87.52,88.68,87.30,88.13,4128529,0
20120619,88.44,88.93,88.10,88.52,4908778,0
20120620,88.48,88.81,87.84,88.51,4612562,0
20120621,87.68,88.03,85.50,85.60,9160821,0
20120622,86.08,86.59,85.55,86.01,7183191,0
20120625,84.64,84.76,83.93,83.99,5048558,0
20120626,84.05,84.45,83.79,84.03,4600077,0
20120627,84.16,85.25,84.16,84.90,4641230,0
20120628,84.36,85.81,84.09,85.62,4093138,0
20120629,86.91,87.60,86.40,87.26,6269648,0
20120702,87.34,89.06,87.20,89.00,4728814,0
20120703,88.88,89.57,88.64,89.49,2492391,0
20120705,89.22,89.57,88.60,88.98,3772686,0
20120706,88.46,89.58,88.18,89.45,3784681,0
20120709,89.31,90.99,89.22,90.61,5976121,0
20120710,91.06,91.39,90.39,90.70,4399070,0
20120711,90.63,91.07,90.24,90.54,4619022,0
20120712,90.51,90.88,89.89,89.90,4797850,0
20120713,90.08,90.49,89.75,90.21,3507515,0
20120716,90.10,91.00,90.02,90.84,4117702,0
20120717,90.53,91.00,89.25,89.99,4634005,0
20120718,89.90,90.00,88.92,89.41,5162564,0
20120719,89.51,90.73,89.31,89.55,6411024,0
20120720,88.83,89.32,88.19,88.89,6255272,0
20120723,88.31,88.96,87.78,87.99,4037440,0
20120724,87.89,88.40,87.02,87.69,4914925,0
20120725,87.81,88.07,86.83,86.89,4566653,0
20120726,87.89,89.01,87.89,88.60,5351959,0
20120727,88.42,90.99,87.75,90.30,6680290,0
20120730,89.90,91.39,89.87,91.18,4151651,0
20120731,91.17,91.81,90.85,91.44,5541059,0
20120801,91.45,91.79,90.25,90.64,3362008,0
20120802,90.30,90.92,89.55,90.07,3962691,0
20120803,91.17,92.00,90.73,91.93,4122469,0
20120806,92.00,93.15,91.80,92.23,4546030,0
20120807,92.66,92.89,91.25,91.32,4299438,0
20120808,91.20,92.01,90.56,91.77,3403696,0
20120809,91.77,91.97,91.04,91.38,2807679,0
20120810,91.10,92.43,91.06,92.21,2644415,0
20120813,91.98,92.49,91.68,92.43,2418037,0
20120814,92.49,93.48,92.11,93.14,4051564,0
20120815,92.98,93.26,92.27,92.97,4163529,0
20120816,92.46,93.48,92.08,93.29,4595307,0
20120817,93.48,93.50,92.73,93.38,4161584,0
20120820,93.39,93.60,92.99,93.17,2919427,0
20120821,93.14,93.29,91.59,91.71,3779669,0
20120822,91.39,91.59,90.85,90.87,3906043,0
20120823,90.68,90.85,88.68,88.69,6914983,0
20120824,88.56,89.99,88.28,89.76,5397916,0
20120827,89.79,90.49,89.68,90.09,2943256,0
20120828,89.80,91.24,89.78,90.88,3094495,0
20120829,91.48,91.99,90.76,90.78,4027623,0
20120830,90.84,90.96,90.31,90.55,2666883,0
20120831,90.81,91.56,89.30,89.30,6626463,0
20120904,89.44,89.95,89.17,89.63,3916993,0
20120905,89.52,89.88,89.00,89.09,3766551,0
20120906,89.11,90.10,89.00,89.48,5498024,0
20120907,89.40,89.88,88.67,88.83,4859961,0
20120910,88.64,88.85,87.97,88.62,4862191,0
20120911,88.71,89.07,88.38,88.38,4193677,0
20120912,88.59,88.59,86.11,86.67,8387009,0
20120913,87.03,90.57,86.80,90.15,17534590,0
20120914,89.60,90.05,88.84,89.48,19860642,0
20120917,89.36,90.91,89.35,90.69,18849844,0
20120918,90.69,91.85,90.51,91.51,4473749,0
20120919,91.30,91.93,90.82,91.64,4209626,0
20120920,91.51,92.25,91.51,92.13,5467938,0
20120921,92.30,92.59,92.03,92.14,6764572,0
20120924,92.01,92.32,91.50,92.13,3907366,0
20120925,91.49,91.95,90.06,90.08,4973891,0
20120926,90.09,90.95,89.94,90.41,3911041,0
20120927,90.56,91.02,89.94,90.66,3860847,0
20120928,90.50,90.50,89.73,89.94,5095240,0
20121001,90.27,91.17,90.00,90.71,4336371,0
20121002,91.10,92.00,91.10,91.85,3879865,0
20121003,91.92,92.94,91.85,92.77,3823879,0
20121004,93.04,94.00,92.99,93.31,3516749,0
20121005,93.75,94.13,93.40,93.74,3906775,0
20121008,93.70,93.86,93.03,93.35,2944578,0
20121009,92.78,93.23,91.49,91.50,4057827,0
20121010,91.66,92.36,90.70,90.78,3794371,0
20121011,91.84,91.84,90.62,90.84,4422309,0
20121012,91.48,92.78,91.37,91.70,3617405,0
20121015,92.15,92.31,91.50,92.06,4761324,0
20121016,92.49,92.80,91.94,92.52,2996284,0
20121017,92.21,92.82,91.83,91.85,4829446,0
20121018,89.08,90.36,87.96,88.00,8850116,0
20121019,88.16,89.56,88.00,88.12,7141350,0
20121022,88.28,89.41,88.10,89.20,4386730,0
20121023,88.51,88.51,87.40,87.91,4171466,0
20121024,87.80,88.43,87.51,87.73,3948724,0
20121025,88.32,88.56,87.53,87.73,3710495,0
20121026,87.95,88.97,87.48,88.28,4374983,0
20121031,89.24,89.50,88.26,88.56,5378555,0
20121101,88.97,89.43,87.56,87.59,5297806,0
20121102,87.65,88.47,86.87,86.93,9706939,0
20121105,86.61,87.45,85.66,86.79,4741264,0
20121106,87.00,87.86,86.92,87.39,4059731,0
20121107,87.16,87.59,86.34,86.35,5175354,0
20121108,86.42,87.22,85.52,85.55,4271753,0
20121109,84.77,86.48,84.53,85.42,3982570,0
20121112,85.32,86.21,84.90,84.98,3493152,0
20121113,84.59,85.55,84.35,84.42,5288836,0
20121114,84.40,85.17,82.24,82.39,8158994,0
20121115,82.20,84.03,82.10,83.97,7166978,0
20121116,84.21,85.20,83.89,84.93,6500952,0
20121119,85.59,86.86,85.54,86.86,5035682,0
20121120,86.93,88.13,86.86,88.10,5853296,0
20121121,88.18,88.88,88.01,88.72,3296698,0
20121123,89.00,90.43,88.90,90.41,2169470,0
20121126,89.84,90.00,89.14,89.87,3384019,0
20121127,90.52,90.52,89.07,89.13,4474432,0
20121128,89.00,90.04,88.25,89.91,5520801,0
20121129,89.97,90.84,89.49,90.33,5658336,0
20121130,89.93,90.40,89.56,89.88,7563884,0
20121203,90.01,90.49,89.73,89.80,3848185,0
20121204,89.81,89.94,88.95,88.95,4145346,0
20121205,89.07,89.42,88.18,88.53,6070229,0
20121206,88.65,89.57,88.38,88.67,4198832,0
20121207,88.67,89.70,88.67,89.47,3897458,0
20121210,89.16,89.96,88.99,89.07,3619257,0
20121211,89.49,89.72,88.17,88.46,4917356,0
20121212,88.90,89.70,88.51,88.78,4600631,0
20121213,88.69,89.20,87.91,88.20,3898223,0
20121214,87.51,88.30,87.51,87.75,4875746,0
20121217,87.95,88.47,87.11,87.39,5719277,0
20121218,87.28,87.45,85.38,86.51,8177298,0
20121219,86.52,86.76,84.62,84.65,9307074,0
20121220,84.48,85.58,83.78,85.50,7770608,0
20121221,85.19,85.76,84.10,84.95,10896713,0
20121224,83.60,84.26,83.60,83.74,2435084,0
20121226,83.83,83.85,82.81,82.95,3509576,0
20121227,83.14,83.93,82.91,83.77,5230350,0
20121228,83.20,83.99,82.60,82.65,3911104,0
20121231,82.72,83.74,82.44,83.64,5703116,0
20130102,84.70,86.77,84.33,86.74,6502013,0
20130103,86.94,87.32,85.40,85.86,5816936,0
20130104,86.00,86.65,85.87,86.52,4206599,0
20130107,86.17,86.70,85.91,86.25,3980763,0
20130108,86.22,86.56,85.97,86.09,4426162,0
20130109,86.35,86.66,85.51,85.83,4776421,0
20130110,86.38,87.29,86.32,87.29,5314068,0
20130111,88.53,89.83,88.53,89.23,8105958,0
20130114,89.34,89.66,88.77,89.07,4521006,0
20130115,88.65,89.31,88.55,88.92,4439693,0
20130116,88.44,88.78,87.90,88.34,3400687,0
20130117,88.66,89.39,88.47,89.14,4573581,0
20130118,89.41,89.98,88.90,89.98,5444378,0
20130122,89.93,90.29,89.25,90.03,5937481,0
20130123,89.73,90.00,88.54,88.84,4865222,0
20130124,89.12,90.00,88.76,89.76,4403565,0
20130125,89.83,90.00,89.00,89.42,4499748,0
20130128,89.31,89.40,88.88,89.00,4549641,0
20130129,88.64,89.56,88.55,88.91,4972753,0
20130130,88.44,88.67,87.40,87.65,6469335,0
20130131,87.81,89.02,87.65,88.16,5045827,0
20130201,88.92,88.97,87.66,88.13,5420342,0
20130204,87.53,88.05,86.80,87.33,5808623,0
20130205,87.43,88.14,87.31,87.96,4547244,0
20130206,87.75,87.92,87.36,87.69,3920492,0
20130207,87.15,90.00,86.85,89.82,7478557,0
20130208,89.64,90.85,89.64,90.45,4366498,0
20130211,90.40,90.82,90.24,90.35,3283314,0
20130212,90.63,90.73,90.01,90.14,3638936,0
20130213,90.43,91.47,90.43,90.99,3852738,0
20130214,90.86,90.99,89.85,90.01,5268666,0
20130215,90.06,91.00,89.40,89.99,5238392,0
20130219,90.37,91.40,90.09,91.31,4429200,0
20130220,91.28,92.79,90.75,92.09,4867269,0
20130221,91.61,93.61,91.35,93.13,5991167,0
20130222,93.22,93.48,92.63,93.42,4072364,0
20130225,93.28,93.57,91.55,91.56,6400992,0
20130226,92.03,92.59,91.16,91.60,5150455,0
20130227,91.36,91.82,90.73,91.43,4801350,0
20130228,91.68,92.25,91.38,91.75,6040223,0
20130301,91.69,92.67,91.14,91.44,4554060,0
20130304,91.48,92.57,91.47,92.36,4117244,0
20130305,92.50,92.92,91.92,92.28,4554567,0
20130306,92.34,92.63,91.41,91.60,4085869,0
20130307,91.40,91.96,91.40,91.81,3178585,0
20130308,91.87,91.92,90.91,91.11,3946767,0
20130311,90.90,91.55,90.82,91.21,3249363,0
20130312,91.38,91.42,90.30,90.89,4419737,0
20130313,90.84,90.90,90.04,90.55,4122404,0
20130314,90.93,91.60,90.83,91.31,5079448,0
20130315,90.98,91.63,90.24,91.37,9915293,0
20130318,90.54,90.93,90.25,90.36,4503635,0
20130319,90.59,91.22,90.29,90.81,3720560,0
20130320,91.00,91.71,90.99,91.42,4184519,0
20130321,91.12,91.54,90.88,91.05,4008976,0
20130322,91.00,91.97,90.85,91.62,13665838,0
20130325,91.99,92.63,91.78,91.99,14448509,0
20130326,91.54,91.81,90.99,91.76,4676434,0
20130327,91.29,92.64,91.24,92.00,4169041,0
20130328,92.04,92.94,91.95,92.71,4426231,0
20130401,92.74,92.81,92.07,92.78,2947675,0
20130402,93.05,94.45,92.90,94.41,4619298,0
20130403,94.58,95.32,94.07,94.36,6293656,0
20130404,94.74,95.26,94.35,94.53,3819944,0
20130405,93.79,94.00,92.33,92.72,5034318,0
20130408,92.94,94.49,92.80,94.44,3674272,0
20130409,94.77,95.10,94.06,94.54,3296768,0
20130410,94.89,95.42,94.24,95.26,3744454,0
20130411,95.33,96.07,95.03,95.60,3718710,0
20130412,95.67,96.60,95.30,96.44,3945181,0
20130415,95.94,96.17,94.09,94.11,5019204,0
20130416,94.46,95.23,93.73,94.97,5630389,0
20130417,94.57,94.72,93.52,94.04,4344378,0
20130418,92.00,92.62,90.70,91.69,8277346,0
20130419,91.94,92.60,91.50,91.95,5951515,0
20130422,91.90,92.94,91.67,92.82,4181148,0
20130423,93.28,93.88,92.00,93.60,4277083,0
20130424,93.77,94.94,93.64,94.05,5209704,0
20130425,94.47,94.81,94.21,94.64,3364934,0
20130426,94.77,95.72,94.67,95.31,4369667,0
20130429,95.31,96.12,94.96,95.96,3802628,0
20130430,95.83,95.90,95.06,95.59,3717197,0
20130501,95.32,96.73,95.22,95.67,5123172,0
20130502,95.88,96.04,94.54,95.01,5691575,0
20130503,95.46,95.60,94.05,94.26,5661637,0
20130506,93.78,94.08,92.85,93.11,6189631,0
20130507,93.12,93.89,93.00,93.61,4977808,0
20130508,93.65,94.56,93.47,94.51,4238980,0
20130509,94.38,94.54,93.43,93.71,3770829,0
20130510,93.95,94.10,93.00,93.32,5358042,0
20130513,93.16,94.54,93.03,94.04,4749364,0
20130514,93.97,95.04,93.84,94.96,4635044,0
20130515,95.06,96.31,94.97,96.30,5042584,0
20130516,95.81,96.32,95.25,95.44,5139022,0
20130517,95.53,96.01,94.96,95.68,5141297,0
20130520,95.68,95.75,94.75,95.00,3855223,0
20130521,94.94,94.97,93.69,94.40,5203599,0
20130522,93.94,95.33,93.75,93.97,7012461,0
20130523,93.40,94.60,93.30,94.31,5458288,0
20130524,93.86,94.43,93.33,94.12,3815608,0
20130528,94.89,95.60,93.16,93.36,6276010,0
20130529,92.67,92.74,91.45,92.25,6788184,0
20130530,92.25,92.91,92.02,92.42,4372764,0
20130531,91.97,92.57,90.89,90.91,7409217,0
20130603,90.95,92.66,90.20,92.38,6550872,0
20130604,92.38,92.82,91.42,91.89,4641808,0
20130605,91.66,91.72,90.41,90.47,4473106,0
20130606,90.15,92.00,89.43,92.00,9931556,0
20130607,92.65,93.07,91.07,92.09,5650528,0
20130610,92.26,92.73,91.41,91.63,3888447,0
20130611,91.09,92.33,90.85,91.23,3648043,0
20130612,91.70,92.15,91.10,91.65,4194731,0
20130613,91.74,92.77,91.36,92.58,3902543,0
20130614,92.32,93.17,91.97,92.12,3811038,0
20130617,92.43,93.00,91.82,92.47,4584525,0
20130618,92.51,92.88,91.94,92.65,2888162,0
20130619,92.73,93.13,90.26,90.26,4845208,0
20130620,89.86,89.86,86.33,86.63,9512442,0
20130621,87.48,88.44,86.65,87.46,11091688,0
20130624,86.61,88.03,86.05,86.85,6825366,0
20130625,86.57,86.94,86.05,86.50,6389501,0
20130626,87.12,88.41,86.94,87.54,6449172,0
20130627,88.37,88.96,87.69,87.78,5277365,0
20130628,87.50,88.32,86.56,86.62,11126254,0
20130701,87.11,87.96,87.11,87.53,5338041,0
20130702,87.39,88.38,87.05,87.56,4775844,0
20130703,87.08,88.18,86.80,87.75,2071866,0
20130705,88.12,88.25,86.58,87.51,3039630,0
20130708,88.01,89.12,87.78,88.57,4375309,0
20130709,89.28,89.90,88.93,89.18,4291383,0
20130710,89.22,89.91,88.22,88.43,5005699,0
20130711,89.84,91.08,89.66,90.34,5808599,0
20130712,90.99,91.40,89.04,89.70,4958762,0
20130715,89.68,90.18,89.21,89.61,3612854,0
20130716,89.52,90.75,89.31,89.95,4933608,0
20130717,90.26,90.65,89.71,89.71,4355323,0
20130718,88.28,90.20,87.65,89.25,6149465,0
20130719,89.31,89.49,88.45,88.61,5246863,0
20130722,89.00,90.10,88.57,89.23,4327832,0
20130723,89.20,89.68,88.58,88.78,4164752,0
20130724,88.84,88.93,87.89,88.54,5171511,0
20130725,88.08,89.67,88.08,89.22,3956598,0
20130726,88.68,88.99,87.72,88.88,3825637,0
20130729,88.60,89.14,88.35,88.67,3250226,0
20130730,89.10,89.44,88.67,89.17,3672193,0
20130731,89.14,89.94,88.82,89.18,5375677,0
20130801,89.61,89.90,89.37,89.71,5262839,0
20130802,89.39,89.75,89.11,89.59,3506918,0
20130805,89.39,89.56,88.71,89.22,2791099,0
20130806,89.01,89.17,88.56,88.77,4230443,0
20130807,88.65,88.65,87.88,88.21,4218917,0
20130808,88.52,89.80,88.41,89.36,4193380,0
20130809,89.35,89.57,88.43,88.70,3338235,0
20130812,88.21,88.73,88.00,88.30,2918697,0
20130813,88.21,88.59,87.58,88.33,3035954,0
20130814,88.52,88.98,87.81,88.18,2942245,0
20130815,87.79,88.03,86.95,87.14,3630771,0
20130816,86.70,87.15,85.60,85.75,4711462,0
20130819,85.60,85.80,85.06,85.16,4447063,0
20130820,85.22,85.24,84.18,84.21,5963190,0
20130821,84.13,84.81,83.67,83.77,7091693,0
20130822,83.74,84.37,83.74,84.17,4718802,0
20130823,84.35,85.64,84.27,85.37,4331378,0
20130826,85.50,85.65,84.41,84.41,3420075,0
20130827,83.99,84.59,83.53,84.11,5002539,0
20130828,83.77,83.81,82.90,82.95,6096413,0
20130829,83.03,84.42,82.86,83.88,4510696,0
20130830,83.67,84.00,83.15,83.44,4386455,0
20130903,83.83,84.39,83.16,83.40,4726477,0
20130904,83.28,84.31,83.20,83.85,3709986,0
20130905,83.96,84.75,83.69,84.10,4310693,0
20130906,84.38,84.62,83.56,84.19,3574694,0
20130909,84.41,84.52,83.73,84.51,3966005,0
20130910,84.79,84.91,84.04,84.23,4463768,0
20130911,84.68,86.58,84.61,86.56,5592074,0
20130912,86.60,86.73,85.98,86.28,4237793,0
20130913,86.49,87.88,86.49,87.78,4455726,0
20130916,88.68,89.08,87.74,87.85,4274631,0
20130917,87.77,88.35,87.72,88.22,4154273,0
20130918,88.31,90.22,87.83,89.95,5841748,0
20130919,90.08,91.25,89.89,90.54,4762346,0
20130920,90.66,90.96,90.36,90.47,20805215,0
20130923,90.12,90.16,89.26,89.75,13825754,0
20130924,88.49,88.55,87.27,87.41,5731147,0
20130925,87.40,87.60,86.56,86.91,3989976,0
20130926,87.02,87.72,86.77,87.69,3597557,0
20130927,87.26,87.46,86.72,87.33,3321602,0
20130930,86.72,87.21,86.28,86.59,4288852,0
20131001,86.73,87.43,86.52,87.37,3546786,0
20131002,86.98,87.77,86.57,87.72,4336814,0
20131003,87.54,87.95,86.80,87.49,3987739,0
20131004,87.44,87.69,86.74,87.04,3600557,0
20131007,86.63,87.26,86.47,86.58,3734438,0
20131008,86.42,87.03,85.90,85.94,4643646,0
20131009,86.08,86.42,84.16,84.16,7314546,0
20131010,84.80,86.20,84.80,86.16,5831812,0
20131011,86.29,86.71,84.71,85.03,5988643,0
20131014,84.69,87.05,84.66,86.69,4534537,0
20131015,86.56,86.56,85.40,85.50,4978743,0
20131016,85.95,86.25,85.40,86.09,4808676,0
20131017,85.83,87.50,85.79,86.89,6287142,0
20131018,86.85,87.24,86.11,86.93,5654263,0
20131021,86.64,86.97,86.38,86.85,3438168,0
20131022,86.77,87.92,86.21,87.78,5247601,0
20131023,87.40,88.82,87.29,88.12,4239002,0
20131024,88.65,89.21,88.01,88.18,5116045,0
20131025,87.77,88.65,87.69,88.60,4610770,0
20131028,88.73,90.38,88.51,89.90,5250772,0
20131029,90.10,90.50,89.40,90.36,4294402,0
20131030,90.59,90.66,89.31,89.34,3723546,0
20131031,89.23,90.10,88.80,89.12,5339785,0
20131101,89.36,90.15,89.20,89.76,4094484,0
20131104,90.15,90.35,89.59,90.25,3589249,0
20131105,90.07,90.49,89.83,90.13,3085056,0
20131106,90.44,91.24,90.28,91.01,3909520,0
20131107,91.04,91.25,89.59,89.97,5187002,0
20131108,89.74,89.79,88.71,89.41,4977097,0
20131111,89.36,90.97,89.25,89.73,3417889,0
20131112,89.61,89.76,88.83,89.75,3910085,0
20131113,89.40,90.72,89.36,90.62,3729148,0
20131114,90.67,91.24,90.59,90.70,3766174,0
20131115,90.55,91.40,90.48,91.36,4092969,0
20131118,91.32,91.81,91.32,91.64,3463837,0
20131119,91.45,91.68,91.04,91.47,3162457,0
20131120,91.53,91.81,88.60,89.30,10067520,0
20131121,87.34,87.96,84.90,86.60,15638612,0
20131122,86.78,87.29,86.28,86.95,7115651,0
20131125,87.14,87.18,86.21,86.29,4688518,0
20131126,86.12,86.37,84.86,85.48,8403404,0
20131127,85.44,85.77,85.25,85.50,3626558,0
20131129,85.75,86.01,85.30,85.54,2990376,0
20131202,85.33,85.70,85.00,85.07,3904350,0
20131203,84.85,85.76,84.85,85.76,5206577,0
20131204,85.32,86.04,85.01,85.91,4495606,0
20131205,85.69,86.09,85.11,85.51,5591781,0
20131206,86.31,86.55,85.60,85.83,4844795,0
20131209,86.04,86.44,85.59,86.35,4597763,0
20131210,86.25,86.49,85.38,85.79,4756257,0
20131211,86.01,86.29,85.51,85.92,5352143,0
20131212,85.73,85.85,85.21,85.32,4616828,0
20131213,85.45,85.58,84.90,85.24,3650038,0
20131216,85.27,85.27,84.62,85.01,5500842,0
20131217,84.71,84.86,84.32,84.65,5665413,0
20131218,84.99,85.56,83.81,85.48,6874995,0
20131219,85.33,85.68,84.82,85.48,5666868,0
20131220,85.55,85.86,85.31,85.52,9643579,0
20131223,84.84,85.39,84.33,85.25,4175382,0
20131224,85.09,85.99,85.01,85.43,1909568,0
20131226,85.48,86.14,85.43,86.01,2624011,0
20131227,86.20,86.93,86.09,86.74,3046045,0
20131230,86.57,86.89,85.84,86.60,3908321,0
20131231,86.63,87.34,86.42,87.13,3799507,0
20140102,87.00,87.20,85.75,86.02,3760670,0
20140103,86.25,86.50,85.51,85.53,3846961,0
20140106,85.55,85.57,84.55,84.93,5323966,0
20140107,85.12,85.67,84.53,84.68,7510832,0
20140108,84.50,84.61,82.93,83.27,10925115,0
20140109,83.25,83.63,82.61,83.31,6690090,0
20140110,83.96,84.05,82.41,82.57,9052164,0
20140113,82.44,82.96,82.27,82.45,7027686,0
20140114,82.74,83.00,82.31,82.45,6105366,0
20140115,82.45,83.30,82.35,83.08,5530825,0
20140116,82.96,84.55,82.62,84.52,6878677,0
20140117,84.13,84.26,83.20,83.33,6193608,0
20140121,84.32,84.54,83.41,83.99,4528119,0
20140122,83.92,84.41,83.45,84.19,3405841,0
20140123,83.61,84.41,83.00,83.54,4539037,0
20140124,82.96,83.18,81.50,81.50,8093091,0
20140127,81.63,81.86,80.77,80.78,5444275,0
20140128,80.89,81.01,80.51,80.81,5973530,0
20140129,80.47,80.47,78.33,79.44,10377658,0
20140130,79.61,79.80,78.93,79.09,7011930,0
20140131,78.31,78.95,77.19,78.14,8008154,0
20140203,78.09,78.19,75.28,75.39,9839835,0
20140204,75.85,77.23,75.57,76.88,7935112,0
20140205,76.56,77.08,76.06,76.90,7040279,0
20140206,76.88,78.79,76.66,78.11,8401351,0
20140207,78.33,80.29,78.17,80.25,8663204,0
20140210,79.95,80.10,78.44,78.81,6532396,0
20140211,78.61,79.50,78.01,79.46,6015419,0
20140212,79.64,79.66,78.31,78.44,5160136,0
20140213,78.25,79.32,77.55,79.24,4595600,0
20140214,79.31,80.55,78.88,80.39,6642446,0
20140218,80.21,80.94,80.00,80.01,5989021,0
20140219,79.77,80.19,79.50,79.60,4474066,0
20140220,79.63,80.15,79.25,79.71,4546128,0
20140221,79.64,79.94,78.90,78.97,5429540,0
20140224,78.79,79.64,78.52,79.17,5051968,0
20140225,79.40,80.09,79.33,79.93,5363118,0
20140226,80.05,80.08,78.92,79.50,5278235,0
20140227,79.50,81.14,79.35,80.78,5978275,0
20140228,81.16,81.60,80.51,80.91,4568955,0
20140303,80.25,80.97,79.77,80.45,5289863,0
20140304,81.00,81.86,80.99,81.58,5595714,0
20140305,81.87,81.88,80.77,81.07,3844436,0
20140306,81.20,81.50,80.79,80.91,5149998,0
20140307,81.02,81.04,79.22,80.34,5384591,0
20140310,80.32,80.57,80.04,80.43,4571415,0
20140311,80.62,80.85,79.15,79.52,5324948,0
20140312,79.15,79.45,78.79,79.17,4363910,0
20140313,79.41,79.89,79.06,79.23,4285676,0
20140314,79.25,80.48,79.18,79.89,4814663,0
20140317,80.01,80.68,80.00,80.28,4453918,0
20140318,80.28,80.91,80.14,80.47,3698677,0
20140319,80.47,81.20,79.41,79.66,4961088,0
20140320,79.63,80.46,79.45,80.43,4402844,0
20140321,81.09,81.45,80.54,81.00,10868822,0
20140324,81.12,81.19,80.31,80.42,5285754,0
20140325,79.68,80.36,79.67,80.20,4740624,0
20140326,80.18,81.04,80.18,80.42,4872399,0
20140327,80.25,80.43,79.93,80.07,4652833,0
20140328,80.21,81.02,80.15,81.02,4106030,0
20140331,81.23,81.94,81.03,81.87,6300402,0
20140401,81.74,82.33,81.70,82.21,5297293,0
20140402,82.32,82.50,82.16,82.46,4265171,0
20140403,82.53,82.68,82.00,82.28,3643588,0
20140404,82.93,83.15,82.52,82.81,5710259,0
20140407,82.76,83.32,82.73,82.89,5230920,0
20140408,82.97,84.24,82.97,83.82,5546753,0
20140409,83.96,84.02,83.27,83.88,3845620,0
20140410,84.08,84.97,83.36,83.52,6411669,0
20140411,83.36,83.99,82.71,83.14,5563057,0
20140414,83.65,84.47,83.36,84.17,4928023,0
20140415,84.09,84.48,83.55,84.38,4876209,0
20140416,84.75,84.82,84.10,84.79,5248639,0
20140417,83.62,84.05,82.12,83.15,7858834,0
20140421,82.98,83.61,82.50,83.50,3709411,0
20140422,83.35,83.89,82.96,83.54,3728048,0
20140423,83.49,83.94,83.25,83.35,3745547,0
20140424,83.20,84.01,83.01,83.49,3696993,0
20140425,83.40,84.20,83.40,84.11,4375164,0
20140428,84.58,85.62,84.47,84.98,7171983,0
20140429,84.98,85.83,84.87,85.19,4488580,0
20140430,85.01,85.59,84.79,85.43,4974114,0
20140501,85.49,85.96,85.21,85.72,3504473,0
20140502,85.77,85.77,85.15,85.38,3596446,0
20140505,85.02,85.51,84.82,85.34,2328286,0
20140506,85.18,85.55,85.00,85.28,3258104,0
20140507,85.29,85.93,85.11,85.80,3604970,0
20140508,85.71,86.38,85.20,86.21,3511465,0
20140509,86.03,86.52,85.94,86.40,2864085,0
20140512,86.82,86.90,85.89,86.13,3232835,0
20140513,86.28,86.32,85.63,85.93,3710235,0
20140514,85.91,86.27,85.59,85.75,3194972,0
20140515,85.80,86.19,85.15,85.33,4112645,0
20140516,85.23,85.98,85.20,85.77,6359696,0
20140519,85.72,85.80,85.33,85.74,2706067,0
20140520,85.48,85.50,85.01,85.22,3396704,0
20140521,85.21,86.50,84.93,86.15,4995100,0
20140522,86.18,86.73,85.87,86.29,4631346,0
20140523,86.14,86.90,86.12,86.57,3790984,0
20140527,86.53,87.16,86.22,86.91,4153810,0
20140528,86.88,87.50,86.48,87.35,4283488,0
20140529,87.62,88.70,87.38,88.37,4782649,0
20140530,88.25,88.80,88.05,88.54,4172699,0
20140602,88.33,88.74,88.05,88.32,3237759,0
20140603,88.25,88.49,87.62,87.89,3073031,0
20140604,87.77,88.21,87.57,87.97,2517395,0
20140605,88.00,88.16,87.67,87.90,3352472,0
20140606,88.00,88.56,87.90,88.33,2543950,0
20140609,88.01,88.47,87.81,88.33,2864414,0
20140610,87.89,88.57,87.81,88.39,3479449,0
20140611,88.16,88.74,88.16,88.44,3261350,0
20140612,88.21,88.71,88.07,88.24,3949978,0
20140613,88.17,88.63,87.88,88.45,3162838,0
20140616,88.37,89.36,88.07,89.03,4550144,0
20140617,88.78,89.00,88.41,88.74,4217389,0
20140618,88.82,89.96,88.44,89.88,4843185,0
20140619,89.97,91.47,89.91,91.34,7153309,0
20140620,91.39,91.63,90.78,91.14,9003222,0
20140623,91.15,91.24,90.27,90.43,5493526,0
20140624,89.12,89.94,88.73,89.37,5337560,0
20140625,89.30,89.30,88.28,88.89,4663403,0
20140626,86.80,86.91,85.98,86.49,10748992,0
20140627,86.17,86.17,84.05,84.85,16141038,0
20140630,84.63,84.90,84.16,84.31,8020410,0
20140701,84.35,84.54,83.87,84.21,6619580,0
20140702,84.21,85.10,83.83,84.86,4335943,0
20140703,84.76,86.09,84.73,85.69,3562503,0
20140707,85.58,86.45,85.46,86.08,4235239,0
20140708,86.13,86.66,85.94,86.29,3726100,0
20140709,86.51,86.85,85.82,86.03,3192726,0
20140710,85.61,86.04,84.88,84.90,5465471,0
20140711,85.60,86.08,84.84,85.41,4861424,0
20140714,85.92,86.26,85.75,85.95,3470235,0
20140715,85.57,85.61,84.48,84.59,5776446,0
20140716,84.99,85.55,84.49,84.70,6244388,0
20140717,84.58,86.65,84.52,84.55,5937523,0
20140718,85.01,86.15,84.90,86.02,4569224,0
20140721,85.29,85.78,85.20,85.57,3277917,0
20140722,85.66,85.89,85.26,85.38,2741903,0
20140723,85.53,85.73,84.97,85.08,2750515,0
20140724,85.29,85.78,85.25,85.54,3702954,0
20140725,85.32,85.53,84.57,84.85,2715067,0
20140728,84.98,84.98,84.10,84.48,3053935,0
20140729,84.50,85.38,84.50,84.65,2677241,0
20140730,84.72,85.07,83.14,83.19,4679509,0
20140731,82.96,82.99,82.00,82.01,4634487,0
20140801,82.00,82.59,81.72,81.90,3956485,0
20140804,81.80,82.33,81.50,82.13,3293406,0
20140805,81.85,82.26,81.19,81.58,3710246,0
20140806,81.59,83.95,81.59,83.48,5060095,0
20140807,83.55,83.90,82.38,82.71,4452273,0
20140808,82.80,83.95,82.60,83.84,3817905,0
20140811,83.97,84.96,83.75,84.35,3414539,0
20140812,84.12,84.26,83.74,84.18,2196599,0
20140813,84.44,84.82,84.23,84.47,2360599,0
20140814,84.49,84.99,84.47,84.93,1795896,0
20140815,85.10,85.17,83.82,84.50,4231279,0
20140818,84.71,85.10,84.63,84.99,3090687,0
20140819,85.10,85.47,84.63,85.38,2278415,0
20140820,85.21,85.37,84.60,85.09,2441420,0
20140821,85.23,85.69,85.12,85.15,2187364,0
20140822,84.82,85.23,84.20,84.34,3778255,0
20140825,84.93,85.54,84.93,85.19,2864825,0
20140826,85.24,85.46,84.83,85.26,2466249,0
20140827,85.13,85.29,84.83,85.25,2094346,0
20140828,84.92,85.38,84.84,85.26,1801832,0
20140829,85.28,85.69,85.04,85.58,2570631,0
20140902,85.30,85.90,85.06,85.49,3344093,0
20140903,85.85,85.88,85.20,85.40,2449013,0
20140904,85.77,85.79,84.79,84.99,3143275,0
20140905,85.06,85.50,84.81,85.45,2784103,0
20140908,85.29,85.36,83.92,84.00,4857557,0
20140909,84.10,84.31,83.63,83.83,3901403,0
20140910,84.12,84.41,83.81,84.19,3433299,0
20140911,84.15,84.56,83.95,84.50,4371096,0
20140912,84.71,84.75,83.72,84.02,3588301,0
20140915,84.29,84.30,83.88,84.20,3947131,0
20140916,84.16,85.04,84.06,84.82,3269847,0
20140917,84.91,85.34,84.54,84.90,3633889,0
20140918,85.05,85.27,84.14,84.72,4322352,0
20140919,85.15,85.68,84.70,85.55,7856459,0
20140922,85.09,86.07,85.06,86.05,7002584,0
20140923,84.75,85.17,83.63,83.66,5654120,0
20140924,83.60,84.73,83.56,84.45,5568714,0
20140925,84.00,84.20,83.55,83.70,5222505,0
20140926,82.84,83.34,82.58,83.23,5491284,0
20140929,82.61,82.95,82.55,82.66,4657024,0
20140930,82.89,83.52,82.28,83.40,9740596,0
20141001,83.25,83.88,83.21,83.47,5786414,0
20141002,83.60,84.26,83.18,84.21,5513865,0
20141003,84.35,84.85,84.24,84.51,4301822,0
20141006,84.84,84.85,84.07,84.57,2678172,0
20141007,84.42,84.79,83.94,83.98,4506773,0
20141008,83.94,85.13,83.68,85.06,5335078,0
20141009,85.18,85.99,83.86,83.92,6376437,0
20141010,84.38,85.25,84.28,84.28,5282188,0
20141013,84.60,85.29,83.97,84.07,4404508,0
20141014,84.19,84.63,83.62,83.69,4783916,0
20141015,83.11,83.85,81.90,83.58,8417516,0
20141016,83.19,85.32,83.00,85.26,7058655,0
20141017,84.97,86.01,84.44,86.00,7621728,0
20141020,85.76,87.21,85.71,86.93,5537858,0
20141021,87.32,87.47,86.62,87.45,4614139,0
20141022,87.22,87.67,87.11,87.60,5339708,0
20141023,87.95,88.21,87.51,87.62,4937027,0
20141024,87.86,88.18,87.40,88.06,3253380,0
20141027,87.92,88.67,87.80,88.04,2851414,0
20141028,88.49,88.49,87.78,88.27,3631279,0
20141029,88.19,88.83,87.34,87.91,3451570,0
20141030,87.45,88.68,86.91,88.35,2875273,0
20141031,88.79,89.24,88.46,89.01,4876217,0
20141103,88.85,89.50,88.60,89.19,3361648,0
20141104,89.39,89.91,89.19,89.45,2752483,0
20141105,89.83,90.25,89.09,89.90,4060968,0
20141106,89.68,89.83,87.18,87.50,6109340,0
20141107,87.50,88.20,87.26,88.12,3219381,0
20141110,87.83,88.50,87.52,88.42,3191831,0
20141111,88.44,88.48,87.84,88.09,2414291,0
20141112,88.04,88.13,87.57,87.90,2839517,0
20141113,88.04,88.70,87.53,87.86,3163855,0
20141114,87.35,87.40,85.49,86.28,6011499,0
20141117,86.33,87.50,86.17,87.30,3644585,0
20141118,87.47,87.60,87.09,87.13,3653738,0
20141119,86.95,87.20,86.47,86.83,4529855,0
20141120,86.50,86.50,85.57,85.81,6330722,0
20141121,86.15,87.04,86.11,87.00,6851858,0
20141124,87.30,87.61,86.47,86.50,3888593,0
20141125,86.49,86.73,86.16,86.30,5054368,0
20141126,86.66,86.91,86.42,86.60,2666709,0
20141128,87.20,87.57,86.77,86.93,3230908,0
20141201,86.37,87.03,85.70,86.50,3554112,0
20141202,86.58,87.43,86.52,87.39,4089859,0
20141203,87.15,87.68,86.77,87.65,3867038,0
20141204,87.27,87.48,86.37,87.15,4121560,0
20141205,87.28,87.32,86.71,87.14,4236647,0
20141208,86.42,87.16,86.33,86.79,3270598,0
20141209,86.05,86.58,85.25,86.56,3467792,0
20141210,86.49,86.59,85.27,85.60,4625562,0
20141211,85.63,86.81,85.60,85.97,4182667,0
20141212,85.59,86.37,84.39,84.42,4922833,0
20141215,84.53,84.88,82.38,82.45,7286877,0
20141216,82.20,82.96,81.35,81.39,8405214,0
20141217,81.81,82.26,81.16,81.85,6673355,0
20141218,82.70,84.05,82.39,84.02,6701820,0
20141219,84.17,84.39,82.63,83.05,9128011,0
20141222,82.48,83.16,82.16,82.97,5951664,0
20141223,83.22,83.58,83.01,83.30,4436850,0
20141224,83.40,83.57,83.06,83.15,1748302,0
20141226,83.10,83.69,83.03,83.34,1709071,0
20141229,83.03,83.53,82.74,83.20,2628992,0
20141230,83.15,83.48,82.39,82.50,2708092,0
20141231,82.73,82.82,81.36,81.45,3709338,0
20150102,81.60,81.79,80.63,81.02,3795433,0
20150105,80.99,81.09,79.86,80.41,6213408,0
20150106,80.96,82.04,80.60,81.10,10011488,0
20150107,81.80,82.05,81.02,81.71,7525061,0
20150108,82.32,83.58,82.31,82.94,6594486,0
20150109,83.54,83.65,82.47,82.72,4301315,0
20150112,83.11,83.67,82.64,83.05,3997209,0
20150113,83.32,83.98,82.67,83.10,5810156,0
20150114,82.26,83.46,82.25,83.42,4629168,0
20150115,82.71,83.42,82.57,82.82,5088125,0
20150116,82.85,83.19,82.19,82.70,7302271,0
20150120,83.21,83.99,82.89,83.58,6172287,0
20150121,83.08,84.61,82.72,84.55,4518468,0
20150122,85.04,85.29,84.43,85.16,6069714,0
20150123,84.61,84.75,82.70,82.82,6649347,0
20150126,82.95,83.40,82.50,83.05,4658496,0
20150127,82.53,82.72,81.38,81.60,8541891,0
20150128,82.03,82.30,80.39,80.58,5878730,0
20150129,80.51,81.50,80.32,81.22,4108215,0
20150130,80.53,81.19,80.10,80.24,6692937,0
20150202,80.24,81.70,80.06,81.63,4129576,0
20150203,82.00,82.44,81.81,82.24,4103180,0
20150204,82.04,82.60,81.85,82.08,5151069,0
20150205,82.42,83.24,81.31,82.57,6317062,0
20150206,82.32,82.32,80.94,81.27,5942878,0
20150209,80.81,81.48,80.56,80.83,4357163,0
20150210,80.92,81.21,80.53,81.08,6732159,0
20150211,81.36,82.73,81.16,82.48,5670478,0
20150212,82.71,83.72,82.58,83.69,5324550,0
20150213,83.81,83.86,82.66,82.87,4924680,0
20150217,82.80,82.85,82.30,82.71,4391316,0
20150218,82.34,83.01,82.24,82.99,2487271,0
20150219,82.96,83.05,82.41,82.62,3774273,0
20150220,82.47,83.13,82.25,83.04,3572405,0
20150223,82.80,82.95,82.28,82.89,3362441,0
20150224,82.71,83.62,82.64,83.51,3313791,0
20150225,83.51,83.72,83.20,83.47,2850183,0
20150226,83.24,83.40,82.57,82.80,2973164,0
20150227,82.73,83.10,82.14,82.96,5971689,0
20150302,82.88,83.22,82.64,82.95,3188892,0
20150303,82.67,82.99,82.46,82.70,3597528,0
20150304,82.69,82.70,81.69,82.17,3582486,0
20150305,82.20,82.37,81.54,81.71,3418825,0
20150306,81.28,81.35,79.79,80.05,7757420,0
20150309,80.18,80.60,80.07,80.45,4574294,0
20150310,80.00,80.00,79.06,79.25,7066882,0
20150311,79.33,79.44,77.38,77.82,7285350,0
20150312,78.26,78.78,77.96,78.73,4806600,0
20150313,78.73,78.73,76.85,77.65,5337569,0
20150316,78.07,78.38,77.46,77.89,5361781,0
20150317,77.77,78.25,77.63,77.89,4140954,0
20150318,77.60,79.28,76.59,78.56,9179210,0
20150319,78.64,79.32,78.56,78.86,9453847,0
20150320,78.83,79.48,78.79,79.45,10919236,0
20150323,79.45,80.15,79.45,79.86,4841140,0
20150324,78.87,79.20,77.50,77.53,6021456,0
20150325,77.81,77.97,76.54,76.70,7923821,0
20150326,76.56,76.96,76.27,76.34,7069216,0
20150327,76.27,76.87,76.16,76.79,5158837,0
20150330,77.25,77.25,76.26,76.86,4390621,0
20150331,76.54,76.55,75.30,75.33,7498259,0
20150401,75.27,76.09,75.27,76.07,6915145,0
20150402,76.44,77.42,75.95,77.26,4745408,0
20150406,77.29,78.66,77.24,78.20,5553101,0
20150407,78.19,78.57,77.74,77.74,4790499,0
20150408,77.73,78.00,76.93,77.24,4556182,0
20150409,77.02,77.99,77.00,77.86,3371796,0
20150410,78.11,78.57,77.87,77.90,3860087,0
20150413,77.50,77.89,77.25,77.39,3585421,0
20150414,77.14,78.28,77.12,78.11,4891150,0
20150415,78.44,78.91,77.87,78.13,7231371,0
20150416,82.42,85.26,82.21,84.96,23609501,0
20150417,84.57,85.49,84.32,85.26,8306697,0
20150420,85.40,85.75,84.46,84.98,6388162,0
20150421,84.99,85.30,83.86,84.05,4399318,0
20150422,84.06,84.06,82.92,83.69,5951936,0
20150423,83.17,84.38,82.88,83.55,4347072,0
20150424,83.54,83.87,82.67,82.75,4498535,0
20150427,82.78,82.90,82.05,82.09,4865195,0
20150428,82.02,83.10,82.02,82.88,5080311,0
20150429,82.46,82.88,81.95,82.73,5879481,0
20150430,82.86,83.51,82.48,83.47,6162148,0
20150501,83.47,83.73,82.91,83.39,3269679,0
20150504,83.66,83.70,83.00,83.21,2482400,0
20150505,83.19,83.44,82.56,82.81,2903732,0
20150506,83.61,83.88,82.99,83.87,5323896,0
20150507,83.76,84.26,83.25,84.01,3251050,0
20150508,84.84,85.74,84.70,85.19,4380567,0
20150511,85.02,85.37,84.01,84.13,3156139,0
20150512,83.51,84.75,83.32,84.13,3027120,0
20150513,84.33,84.89,83.87,84.53,4317727,0
20150514,85.00,86.91,84.91,86.79,6186318,0
20150515,86.68,86.77,85.99,86.57,3403263,0
20150518,86.65,86.71,85.60,86.03,3173307,0
20150519,85.59,85.92,85.02,85.66,2952496,0
20150520,85.55,86.08,85.31,85.41,2411295,0
20150521,85.41,85.41,84.60,85.14,3041884,0
20150522,84.75,84.86,84.10,84.15,2733847,0
20150526,83.97,84.02,83.18,83.72,2961110,0
20150527,84.00,84.37,83.62,84.22,3436152,0
20150528,84.35,84.76,83.66,84.26,2849552,0
20150529,84.04,84.04,82.97,83.07,4480961,0
20150601,82.90,83.43,82.50,83.19,3378758,0
20150602,82.80,83.52,82.32,82.95,3740953,0
20150603,83.40,83.43,82.39,82.42,2936913,0
20150604,82.41,82.84,81.66,81.83,3281635,0
20150605,81.50,81.67,79.50,79.70,6151977,0
20150608,79.70,80.64,79.38,80.15,4313278,0
20150609,80.04,81.21,80.04,80.75,3822965,0
20150610,80.76,82.71,80.76,82.29,6310673,0
20150611,82.47,82.75,81.97,82.25,3681750,0
20150612,81.50,81.91,80.75,81.86,6122980,0
20150615,81.23,81.75,81.04,81.27,3919415,0
20150616,81.47,81.84,81.00,81.82,3893027,0
20150617,81.83,82.19,81.13,81.83,4143595,0
20150618,82.25,83.58,82.10,83.11,3875628,0
20150619,82.87,83.18,82.49,82.66,7474686,0
20150622,82.92,83.66,82.82,83.13,4052303,0
20150623,82.23,82.30,81.01,81.36,2999517,0
20150624,81.23,81.76,80.81,80.81,5134861,0
20150625,81.14,81.71,80.89,81.30,4148193,0
20150626,81.32,81.68,81.08,81.35,4584638,0
20150629,80.94,81.33,80.09,80.12,3374633,0
20150630,80.72,80.94,80.00,80.17,4311088,0
20150701,80.36,81.34,80.10,81.30,4034107,0
20150702,81.37,81.74,80.95,81.17,2977584,0
20150706,80.86,81.46,80.72,81.20,2534548,0
20150707,81.33,82.54,80.98,82.44,5409374,0
20150708,82.01,82.45,81.50,81.57,3101352,0
20150709,82.42,82.65,81.21,81.24,3129298,0
20150710,82.01,82.82,81.98,82.16,3548186,0
20150713,82.42,82.67,82.01,82.38,3238866,0
20150714,82.40,82.77,82.26,82.68,2326287,0
20150715,82.44,82.89,82.01,82.67,3491186,0
20150716,83.38,86.30,83.36,85.29,7844208,0
20150717,85.02,86.00,84.83,85.83,5817485,0
20150720,85.95,86.03,85.47,85.61,3265473,0
20150721,85.48,85.80,85.28,85.54,3085886,0
20150722,85.63,85.92,85.06,85.52,3225644,0
20150723,85.44,85.58,85.01,85.43,2243770,0
20150724,85.20,85.22,84.27,84.65,3033356,0
20150727,84.44,85.90,84.44,85.53,4481518,0
20150728,85.63,86.50,85.43,85.60,5669507,0
20150729,85.66,86.13,85.29,85.45,2776316,0
20150730,85.27,85.75,85.10,85.39,2747258,0
20150731,85.88,86.00,85.40,85.53,2965148,0
20150803,85.50,85.91,85.07,85.66,2622267,0
20150804,85.66,86.01,85.46,85.83,2367325,0
20150805,86.00,86.31,85.73,85.89,2738291,0
20150806,86.00,86.07,85.58,85.76,2198860,0
20150807,85.62,85.77,84.77,85.09,2409477,0
20150810,85.57,86.34,85.56,85.87,2470855,0
20150811,85.14,85.53,84.66,85.47,3549546,0
20150812,85.16,85.64,84.17,85.64,2735961,0
20150813,85.55,85.59,84.25,84.66,4389361,0
20150814,84.61,84.70,83.88,84.26,3134344,0
20150817,83.92,84.35,83.47,84.30,3159201,0
20150818,84.30,84.36,83.88,84.02,2307583,0
20150819,83.63,84.55,83.21,83.74,3324447,0
20150820,83.06,84.60,83.01,83.08,4167281,0
20150821,82.74,83.12,80.98,80.98,7252904,0
20150824,78.14,79.71,76.54,78.34,11361856,0
20150825,79.96,80.05,77.35,77.39,6381591,0
20150826,78.75,79.83,77.36,79.75,5813854,0
20150827,80.33,80.88,79.13,80.78,4205958,0
20150828,80.16,80.59,79.84,80.35,3522820,0
20150831,79.87,80.11,78.90,79.80,4211644,0
20150901,78.21,78.72,77.30,77.78,5124911,0
20150902,78.49,78.73,77.84,78.70,3594582,0
20150903,79.16,79.81,78.75,79.45,3363499,0
20150904,78.36,78.52,77.00,77.29,5233768,0
20150908,78.81,79.79,78.13,79.76,4779774,0
20150909,80.06,80.24,78.09,78.27,4062096,0
20150910,78.00,79.40,78.00,78.87,3871615,0
20150911,78.93,79.52,78.40,79.47,5234302,0
20150914,79.68,79.79,78.88,79.35,3628851,0
20150915,79.52,80.88,79.01,80.81,4025657,0
20150916,80.95,82.49,80.86,82.10,5925198,0
20150917,82.34,83.05,81.50,82.08,4633473,0
20150918,81.29,82.15,80.77,81.22,8268331,0
20150921,81.69,82.46,81.58,82.12,3631558,0
20150922,81.11,81.53,80.43,80.77,3605915,0
20150923,80.85,80.96,79.94,80.43,2437396,0
20150924,80.00,80.60,79.78,80.41,3068237,0
20150925,80.76,81.31,80.35,80.60,3396142,0
20150928,78.99,80.33,78.73,78.91,4332492,0
20150929,78.82,79.25,78.03,78.64,4194672,0
20150930,79.32,79.59,78.78,79.33,4968279,0
20151001,79.68,79.74,78.86,79.46,3961829,0
20151002,78.82,79.96,78.41,79.95,3735326,0
20151005,80.40,81.86,80.00,81.71,5715055,0
20151006,81.62,81.88,80.96,81.49,3522592,0
20151007,81.57,82.88,81.55,82.67,3682496,0
20151008,82.66,84.29,82.40,84.15,3922975,0
20151009,84.08,84.58,84.05,84.07,5058351,0
20151012,84.22,84.89,84.12,84.66,2386547,0
20151013,84.53,84.63,83.79,84.41,3089284,0
20151014,84.66,85.41,84.36,84.48,5556443,0
20151015,85.59,86.36,85.20,86.07,5880612,0
20151016,86.37,88.04,85.89,87.78,5479777,0
20151019,87.65,88.49,87.23,88.42,4796762,0
20151020,88.61,88.85,88.28,88.72,4495786,0
20151021,88.90,89.68,88.37,88.98,3643787,0
20151022,88.83,89.94,88.63,89.55,4930829,0
20151023,89.94,89.94,88.76,89.63,4307870,0
20151026,89.65,90.08,89.33,89.70,4124497,0
20151027,89.00,89.32,88.38,88.82,3283774,0
20151028,89.30,89.89,88.23,89.40,3231427,0
20151029,89.10,89.46,88.10,89.26,2976536,0
20151030,89.33,89.47,88.40,88.40,4062551,0
20151102,88.73,88.98,88.19,88.81,2857133,0
20151103,88.39,88.52,87.70,88.34,3445352,0
20151104,88.17,88.43,87.63,88.07,3978404,0
20151105,88.04,88.32,87.78,88.16,2631611,0
20151106,87.36,87.36,85.11,86.37,5456204,0
20151109,85.76,85.84,84.73,85.25,4029952,0
20151110,85.29,85.48,84.72,84.96,2542000,0
20151111,85.28,85.83,85.00,85.05,2563555,0
20151112,84.53,84.92,83.76,84.02,3948218,0
20151113,83.86,84.43,83.27,83.40,3471791,0
20151116,83.40,84.36,83.33,84.35,3722746,0
20151117,84.30,84.64,83.54,83.84,3173896,0
20151118,84.08,85.48,83.92,85.43,4186255,0
20151119,85.68,86.49,85.64,86.25,4507823,0
20151120,86.70,87.65,85.84,85.99,4823473,0
20151123,86.22,86.76,85.92,86.59,3029079,0
20151124,86.09,87.25,85.95,86.90,2821640,0
20151125,86.62,87.27,86.33,87.17,2676094,0
20151127,87.12,87.68,86.83,87.42,1944579,0
20151130,87.91,88.31,87.20,87.39,5970521,0
20151201,87.44,87.88,86.70,87.78,3857752,0
20151202,87.55,87.78,87.00,87.30,3522627,0
20151203,87.56,87.99,87.21,87.34,6056698,0
20151204,87.41,89.75,87.41,89.70,7203476,0
20151207,89.25,89.64,88.29,88.79,3931827,0
20151208,88.56,88.92,88.07,88.77,4119395,0
20151209,88.51,89.52,87.48,88.02,3841040,0
20151210,87.92,88.32,87.22,87.73,4183810,0
20151211,86.76,87.18,85.96,86.32,4740271,0
20151214,86.38,87.42,85.89,87.16,4636826,0
20151215,87.63,88.37,87.13,87.84,4904938,0
20151216,88.04,90.27,88.00,90.15,5275248,0
20151217,90.07,90.15,88.96,89.08,4878699,0
20151218,88.73,88.73,86.92,86.92,10829246,0
20151221,86.36,86.66,85.74,86.62,4058101,0
20151222,86.94,87.79,86.24,87.66,4377822,0
20151223,87.92,89.18,87.86,89.08,3043357,0
20151224,88.75,89.23,88.63,88.86,1201729,0
20151228,88.55,88.79,88.09,88.59,1860699,0
20151229,89.04,89.48,88.84,89.36,2212128,0
20151230,89.40,89.48,88.78,88.98,1790908,0
20151231,88.48,88.64,87.86,87.91,2502107,0
20160104,86.85,87.05,85.76,87.00,4702959,0
20160105,87.03,88.23,86.85,87.87,3923493,0
20160106,87.03,88.21,87.03,87.85,4861566,0
20160107,86.68,88.46,86.68,87.25,6132455,0
20160108,87.58,87.65,86.48,86.71,5415244,0
20160111,87.44,89.33,87.40,89.17,8020963,0
20160112,89.61,89.88,88.16,89.09,4742583,0
20160113,89.00,89.20,88.06,88.31,6109298,0
20160114,88.39,89.06,86.94,87.88,8194664,0
20160115,86.05,86.94,85.11,86.29,7420453,0
20160119,86.44,87.83,86.44,87.47,5097264,0
20160120,86.68,86.90,84.46,85.86,5729552,0
20160121,85.42,86.20,84.69,85.80,5436420,0
20160122,86.75,87.17,85.80,86.87,3677212,0
20160125,87.05,87.60,86.51,86.68,3258759,0
20160126,86.76,88.32,86.76,87.31,4543961,0
20160127,87.65,89.38,87.21,88.09,4882885,0
20160128,88.79,89.72,87.61,89.06,3856915,0
20160129,88.86,90.24,88.33,90.01,8383114,0
20160201,89.79,90.31,89.33,89.41,5985599,0
20160202,88.51,89.45,88.30,89.35,5322955,0
20160203,89.84,90.28,88.48,89.79,6022995,0
20160204,87.68,90.35,87.68,89.10,6019855,0
20160205,89.19,89.61,87.42,89.55,4557229,0
20160208,89.28,90.29,88.65,89.72,5298493,0
20160209,89.29,90.56,88.93,90.02,5114178,0
20160210,90.25,90.39,89.04,89.23,3730552,0
20160211,88.15,88.75,87.50,88.34,4181218,0
20160212,89.03,89.50,88.25,89.06,4930417,0
20160216,89.50,90.34,88.60,90.12,4482856,0
20160217,90.06,92.19,89.76,91.23,6288602,0
20160218,91.14,91.82,91.07,91.65,5886167,0
20160219,91.58,92.19,90.78,91.94,4121463,0
20160222,92.34,92.85,92.02,92.54,3796812,0
20160223,92.42,92.79,91.79,92.05,3589971,0
20160224,91.85,91.91,90.70,91.46,4534095,0
20160225,91.53,92.48,91.36,92.45,3146381,0
20160226,92.54,92.87,91.11,91.45,4025108,0
