DATE, OPEN, HIGH, LOW, CLOSE, VOL, p
20080319,14.88,15.14,13.75,14.13,708485888,0
20080320,14.60,16.25,14.38,16.09,198984944,0
20080324,16.81,16.92,14.75,14.93,149694984,0
20080325,15.14,16.06,14.95,15.81,87165192,0
20080326,15.68,16.12,15.39,15.99,43139416,0
20080327,16.01,16.18,15.66,15.73,39835044,0
20080328,15.84,15.86,15.54,15.69,24698316,0
20080331,15.65,15.87,15.51,15.59,22170648,0
20080401,15.76,15.92,15.08,15.40,60431880,0
20080402,15.43,15.58,15.13,15.58,43846560,0
20080403,15.49,16.57,15.45,16.38,100867628,0
20080404,16.23,16.33,15.94,16.12,36396044,0
20080407,16.27,16.45,16.00,16.26,28313468,0
20080408,16.23,17.06,16.20,17.02,53963828,0
20080409,17.11,17.18,16.40,16.45,48339776,0
20080410,16.54,16.68,16.28,16.53,22385132,0
20080411,16.31,16.69,16.31,16.53,26434408,0
20080414,16.67,16.81,16.38,16.42,28446192,0
20080415,16.57,16.64,16.00,16.09,23903372,0
20080416,16.14,16.74,16.14,16.53,25148748,0
20080417,16.57,16.94,16.50,16.76,22462216,0
20080418,17.00,17.61,16.80,17.25,104122972,0
20080421,17.37,18.13,17.21,17.74,58885204,0
20080422,17.98,18.10,17.50,17.57,47378240,0
20080423,17.74,17.92,17.42,17.52,37336612,0
20080424,17.80,18.25,17.51,18.07,39082416,0
20080425,19.00,19.02,18.48,18.77,101459948,0
20080428,19.13,19.32,18.73,18.91,132517288,0
20080429,18.54,20.22,17.75,20.22,197308132,0
20080430,20.35,21.20,20.27,20.86,147543256,0
20080501,21.10,21.91,20.98,21.35,116395340,0
20080502,21.82,21.88,20.25,20.69,136648496,0
20080505,20.71,21.38,20.20,21.26,70376936,0
20080506,21.37,22.04,21.19,21.88,75912944,0
20080507,22.21,22.46,21.91,22.13,100464496,0
20080508,22.38,22.44,21.48,21.75,92866696,0
20080509,21.45,21.67,20.63,20.72,94311788,0
20080512,20.91,21.12,19.52,20.48,147550908,0
20080513,20.46,20.88,20.20,20.59,53271328,0
20080514,20.82,21.09,20.36,20.56,51400308,0
20080515,20.63,20.73,20.28,20.56,36728236,0
20080516,20.68,20.71,20.31,20.59,34066532,0
20080519,20.57,21.18,20.54,20.83,45651280,0
20080520,20.72,20.96,20.48,20.68,40706340,0
20080521,20.67,20.86,20.13,20.21,41831272,0
20080522,20.14,20.15,19.04,19.33,85317360,0
20080523,18.96,19.33,18.78,19.09,42223732,0
20080527,19.23,19.73,18.59,19.68,62814696,0
20080528,20.07,20.49,19.89,20.48,53034688,0
20080529,20.86,21.74,20.75,21.31,100613028,0
20080530,21.50,21.89,21.45,21.59,72048184,0
20080602,21.55,21.74,21.15,21.52,36855820,0
20080603,21.75,21.99,21.51,21.89,48484252,0
20080604,21.77,22.02,21.32,21.37,40704512,0
20080605,21.61,21.81,21.40,21.81,27059472,0
20080606,21.48,21.50,20.89,20.91,41771776,0
20080609,21.00,21.24,20.14,20.53,45239644,0
20080610,20.07,20.72,19.90,20.08,36086056,0
20080611,20.25,20.25,19.40,19.43,57036280,0
20080612,19.74,20.19,19.64,19.89,44605276,0
20080613,20.06,20.45,20.04,20.38,30717744,0
20080616,20.37,20.88,20.27,20.82,34406824,0
20080617,21.02,21.24,20.92,21.17,33289932,0
20080618,20.93,21.17,20.86,20.97,33757696,0
20080619,20.87,21.10,20.41,21.07,36933648,0
20080620,20.74,21.13,20.69,20.89,42584724,0
20080623,20.96,21.09,20.25,20.26,30170024,0
20080624,20.01,20.73,19.63,20.66,49908368,0
20080625,20.84,21.10,20.47,20.51,50724640,0
20080626,20.15,20.18,19.50,19.77,76583688,0
20080627,19.70,20.72,19.64,20.65,176046376,0
20080630,20.50,20.71,20.07,20.33,49329660,0
20080701,19.91,20.35,19.80,20.35,44930612,0
20080702,20.48,20.60,19.82,19.85,33843932,0
20080703,19.84,19.95,19.31,19.52,28757860,0
20080707,19.63,19.98,18.50,18.90,79957156,0
20080708,18.72,19.88,18.06,19.76,95812528,0
20080709,19.75,19.77,18.85,18.97,55330116,0
20080710,18.94,19.40,18.47,19.31,52851028,0
20080711,18.90,19.36,18.50,18.64,54645196,0
20080714,19.02,19.05,18.13,18.15,42694076,0
20080715,17.81,17.83,16.82,17.10,84298736,0
20080716,17.08,18.14,16.63,18.06,92488764,0
20080717,18.42,18.76,17.84,18.76,67292072,0
20080718,18.56,18.62,18.03,18.35,46633356,0
20080721,18.48,18.73,17.89,17.98,52937080,0
20080722,17.40,18.56,16.98,18.51,65422904,0
20080723,18.38,18.75,18.15,18.31,49953592,0
20080724,18.23,18.43,17.49,17.52,36631956,0
20080725,17.64,18.09,17.27,17.99,38690424,0
20080728,18.10,18.40,17.56,17.64,35711196,0
20080729,17.76,18.99,17.75,18.99,49077704,0
20080730,19.31,19.73,18.57,19.61,76089116,0
20080731,19.06,19.54,17.87,18.26,148909532,0
20080801,18.32,18.52,17.59,17.93,61735672,0
20080804,17.94,18.40,17.88,18.13,42692368,0
20080805,18.30,18.56,18.08,18.40,34366708,0
20080806,18.20,18.20,17.77,17.87,40923676,0
20080807,17.69,17.81,17.33,17.38,43883728,0
20080808,17.44,18.21,17.28,18.15,36358700,0
20080811,18.11,19.13,17.99,18.70,55289876,0
20080812,18.55,18.70,18.15,18.20,33741700,0
20080813,18.19,18.54,18.12,18.48,29934972,0
20080814,18.47,18.95,18.40,18.94,25853928,0
20080815,19.00,19.13,18.71,18.95,26009212,0
20080818,18.90,19.06,18.53,18.73,25859280,0
20080819,18.61,18.81,18.40,18.43,21123104,0
20080820,18.52,18.68,18.41,18.64,18119400,0
20080821,18.49,18.66,18.30,18.59,15550500,0
20080822,18.84,18.95,18.46,18.52,20961812,0
20080825,18.38,18.72,18.28,18.33,18039904,0
20080826,18.42,18.57,18.22,18.33,18678624,0
20080827,18.26,18.63,18.21,18.61,19145960,0
20080828,18.69,18.95,18.54,18.91,26746496,0
20080829,18.74,19.00,18.67,18.98,19327936,0
20080902,19.21,19.38,18.60,18.75,29899784,0
20080903,18.64,18.83,18.02,18.26,35400480,0
20080904,18.13,18.16,17.44,17.63,37675936,0
20080905,17.49,17.99,17.31,17.94,40643540,0
20080908,18.38,18.57,17.17,17.52,56676068,0
20080909,17.59,17.59,16.80,16.87,49881616,0
20080910,16.82,17.48,16.66,17.26,43955376,0
20080911,16.85,17.84,16.76,17.74,47137672,0
20080912,17.48,17.91,17.31,17.91,28242212,0
20080915,17.16,17.74,17.06,17.34,38742128,0
20080916,16.65,17.24,16.25,16.59,83596180,0
20080917,16.45,16.99,16.00,16.02,67539016,0
20080918,16.05,16.81,14.59,16.73,84189092,0
20080919,17.75,17.79,16.76,17.39,68949120,0
20080922,17.23,17.25,16.23,16.30,46284304,0
20080923,16.46,16.87,16.03,16.73,43849864,0
20080924,16.76,16.93,16.38,16.42,24543208,0
20080925,16.44,16.62,16.14,16.15,23895188,0
20080926,15.68,15.85,15.20,15.51,51190860,0
20080929,15.07,15.12,13.97,14.45,78438852,0
20080930,14.09,15.36,14.09,15.35,38732244,0
20081001,15.19,15.52,14.80,15.33,27097432,0
20081002,15.37,15.37,14.33,14.40,35221320,0
20081003,14.77,15.04,14.08,14.21,60477328,0
20081006,13.35,14.01,12.56,13.84,87366500,0
20081007,14.00,14.11,12.65,12.79,75859756,0
20081008,12.25,13.61,11.94,13.16,75228004,0
20081009,13.45,13.98,12.35,12.46,42549308,0
20081010,11.75,13.49,11.75,13.00,75151180,0
20081013,13.75,14.75,13.40,14.72,49446748,0
20081014,15.50,15.53,13.81,14.40,53149100,0
20081015,13.88,14.00,12.13,12.44,76723112,0
20081016,12.54,13.33,12.01,13.27,56084180,0
20081017,12.88,13.77,12.88,13.05,35115896,0
20081020,13.33,13.45,12.78,13.00,35974544,0
20081021,12.84,13.27,12.57,12.67,29013940,0
20081022,12.49,13.00,12.00,12.13,40253108,0
20081023,12.19,12.39,11.43,12.08,47972168,0
20081024,10.95,12.13,10.93,11.99,40800112,0
20081027,11.75,12.30,11.61,11.65,41929328,0
20081028,11.97,12.89,11.76,12.49,58443560,0
20081029,12.60,13.38,12.38,12.67,56039752,0
20081030,12.65,14.04,12.64,13.56,74918364,0
20081031,13.47,14.02,13.25,13.84,40373908,0
20081103,13.98,14.02,12.98,13.12,28510540,0
20081104,13.59,15.11,13.47,14.95,73887324,0
20081105,14.57,14.80,14.11,14.12,45017352,0
20081106,13.76,14.00,12.68,12.88,52100760,0
20081107,13.11,13.70,12.83,13.38,30914824,0
20081110,13.82,13.82,12.80,13.00,26521404,0
20081111,12.75,13.75,12.59,13.45,32395796,0
20081112,13.11,13.91,12.80,12.94,42753356,0
20081113,12.97,13.64,12.47,13.61,38747288,0
20081114,13.28,14.25,13.11,13.56,37410216,0
20081117,13.28,13.56,12.91,13.19,29317480,0
20081118,13.20,13.77,13.15,13.66,31545216,0
20081119,13.50,13.96,12.81,12.89,34956100,0
20081120,12.55,12.82,12.00,12.03,50997024,0
20081121,12.40,12.40,10.88,11.59,84779616,0
20081124,11.90,12.50,11.44,12.43,44853924,0
20081125,12.59,12.74,12.25,12.38,44962368,0
20081126,12.20,13.00,12.05,13.00,27671672,0
20081128,12.93,13.18,12.79,13.14,12711616,0
20081201,12.75,12.78,11.92,12.01,30968896,0
20081202,12.17,12.44,11.88,12.42,26573336,0
20081203,12.03,13.19,12.03,13.11,36404928,0
20081204,12.98,13.19,12.55,12.70,30487204,0
20081205,12.44,13.37,12.13,13.30,41136884,0
20081208,13.60,14.42,13.49,14.04,53096704,0
20081209,13.88,14.11,13.27,13.38,32127432,0
20081210,13.29,13.46,12.74,13.29,30186444,0
20081211,13.10,13.65,12.93,13.02,30018528,0
20081212,12.63,13.48,12.63,13.24,25191352,0
20081215,13.20,13.44,12.94,13.19,21858644,0
20081216,13.32,13.69,13.18,13.69,30725728,0
20081217,13.57,14.00,13.51,13.84,25052988,0
20081218,13.84,14.05,13.52,13.67,30374756,0
20081219,13.63,14.06,13.44,13.74,35590572,0
20081222,13.71,13.81,13.24,13.44,14084044,0
20081223,13.38,13.60,13.28,13.41,10698380,0
20081224,13.36,13.44,13.16,13.22,6529216,0
20081226,13.19,13.36,12.98,13.31,6476824,0
20081229,13.26,13.40,12.98,13.04,13806928,0
20081230,13.05,13.05,12.57,12.75,17101480,0
20081231,12.65,13.19,12.65,13.11,16371228,0
20090102,13.23,13.43,13.06,13.36,13234064,0
20090105,13.25,13.82,13.25,13.45,16599988,0
20090106,13.63,14.49,13.63,14.40,32540676,0
20090107,14.17,14.49,14.00,14.09,28484140,0
20090108,14.00,14.07,13.32,13.94,34689140,0
20090109,14.01,14.08,13.69,13.90,16703172,0
20090112,13.82,14.04,13.14,13.24,31530108,0
20090113,13.19,13.34,12.88,13.28,23134268,0
20090114,13.00,13.15,12.55,12.74,25311312,0
20090115,12.59,12.71,11.88,12.34,47480328,0
20090116,12.26,12.36,11.30,11.85,69213400,0
20090120,11.51,11.60,10.51,10.60,59770460,0
20090121,10.80,11.29,10.68,11.05,50505656,0
20090122,10.94,11.42,10.81,11.05,31927972,0
20090123,10.67,11.11,10.44,11.08,22618380,0
20090126,11.07,11.31,10.63,10.65,24079308,0
20090127,10.87,11.05,10.66,11.04,26442696,0
20090128,11.48,11.87,11.31,11.80,32101456,0
20090129,11.48,12.03,11.31,11.57,26101092,0
20090130,11.76,12.34,11.72,12.34,30323740,0
20090202,12.06,12.50,11.88,12.49,28544176,0
20090203,12.55,12.74,12.05,12.10,28965592,0
20090204,12.22,12.56,12.14,12.28,33166140,0
20090205,13.06,13.77,12.88,13.43,96740628,0
20090206,13.49,14.00,13.42,13.85,45907300,0
20090209,13.88,14.09,13.65,13.83,31907124,0
20090210,13.78,14.00,13.40,13.46,38085104,0
20090211,13.52,13.81,13.38,13.74,23673164,0
20090212,13.57,14.15,13.27,14.10,34838680,0
20090213,14.23,14.49,13.81,13.99,40799188,0
20090217,13.67,13.80,13.42,13.56,35585904,0
20090218,13.64,14.22,13.56,14.04,36339896,0
20090219,14.24,14.47,13.87,13.91,35119936,0
20090220,13.66,14.02,13.63,13.91,42911980,0
20090223,14.01,14.21,13.50,13.56,31971376,0
20090224,13.59,14.24,13.40,14.09,43611788,0
20090225,14.03,14.14,13.78,13.85,34410404,0
20090226,14.06,14.16,13.70,14.01,35910164,0
20090227,13.75,14.47,13.75,14.18,47244452,0
20090302,13.98,14.24,13.47,13.54,39062428,0
20090303,13.68,13.91,13.30,13.59,42195240,0
20090304,13.75,13.97,13.47,13.82,35778904,0
20090305,13.64,13.87,13.17,13.35,44145904,0
20090306,13.44,13.54,12.30,12.55,60715764,0
20090309,12.42,12.77,12.18,12.45,33558156,0
20090310,12.75,13.22,12.65,13.22,38659332,0
20090311,13.41,13.41,12.63,12.84,36147104,0
20090312,12.82,13.52,12.57,13.52,43281252,0
20090313,13.56,13.84,12.92,13.01,49567652,0
20090316,13.24,13.43,12.96,13.04,33476528,0
20090317,13.00,13.84,12.83,13.82,25757292,0
20090318,13.61,14.13,13.36,14.08,45302624,0
20090319,14.09,14.17,13.11,13.17,41750640,0
20090320,13.30,13.59,13.13,13.13,33477416,0
20090323,13.47,13.89,13.22,13.88,44659000,0
20090324,13.57,13.70,13.32,13.37,36484308,0
20090325,13.49,13.69,12.82,13.19,58626796,0
20090326,13.34,13.95,13.13,13.88,59613060,0
20090327,13.57,14.08,13.55,13.56,32688812,0
20090330,13.32,13.71,13.25,13.38,38611576,0
20090331,13.60,14.06,13.46,13.90,47457980,0
20090401,13.69,14.00,13.41,13.57,44155560,0
20090402,13.86,14.28,13.78,13.90,47403832,0
20090403,13.82,15.04,13.82,15.02,57716360,0
20090406,14.67,15.01,14.44,14.78,44944276,0
20090407,14.59,14.69,14.27,14.29,27132912,0
20090408,14.45,14.47,14.10,14.45,23823096,0
20090409,14.71,14.88,14.41,14.70,45790784,0
20090413,14.54,15.35,14.50,15.28,38130632,0
20090414,15.03,15.23,14.53,14.58,35712176,0
20090415,14.51,14.82,14.31,14.78,29692976,0
20090416,14.52,14.84,14.38,14.52,36125740,0
20090417,14.55,14.78,14.31,14.50,37828188,0
20090420,14.25,14.42,13.74,13.75,42589412,0
20090421,13.71,14.67,13.56,14.66,37758080,0
20090422,14.45,14.98,14.30,14.38,34682452,0
20090423,14.56,14.74,14.27,14.56,35906952,0
20090424,14.83,15.19,14.51,15.09,39693852,0
20090427,14.69,14.93,14.66,14.72,29520136,0
20090428,14.54,15.51,14.52,15.18,42306148,0
20090429,15.47,15.93,15.38,15.88,59240240,0
20090430,16.03,17.00,15.98,16.24,101774296,0
20090501,16.04,16.57,15.66,16.25,60617360,0
20090504,16.52,17.14,16.18,17.05,78943836,0
20090505,16.95,17.13,16.74,16.85,56792024,0
20090506,17.02,17.06,16.44,16.55,41844464,0
20090507,16.66,16.75,16.34,16.38,34739452,0
20090508,16.49,17.12,16.38,17.11,37845668,0
20090511,16.70,16.99,16.48,16.48,26011248,0
20090512,16.71,16.81,16.18,16.31,36377324,0
20090513,16.08,16.37,15.88,16.12,47583168,0
20090514,15.99,16.27,15.88,16.13,32866392,0
20090515,16.11,16.38,16.00,16.27,24688960,0
20090518,16.33,16.64,16.07,16.60,59318772,0
20090519,16.51,16.58,16.07,16.20,45795304,0
20090520,16.32,16.74,16.15,16.24,33859356,0
20090521,16.13,16.58,16.12,16.57,55738188,0
20090522,16.73,16.88,16.31,16.44,21740896,0
20090526,16.45,16.72,16.32,16.69,20565072,0
20090527,16.58,17.03,16.31,16.48,27159980,0
20090528,16.57,16.75,16.44,16.63,20184180,0
20090529,16.66,16.98,16.45,16.93,32198068,0
20090601,17.13,17.24,16.45,16.66,43634504,0
20090602,16.60,16.75,16.38,16.70,31047276,0
20090603,16.67,17.19,16.47,17.06,35374040,0
20090604,17.11,17.81,17.08,17.38,56227908,0
20090605,17.50,17.71,17.20,17.32,74266948,0
20090608,17.16,17.65,17.14,17.45,20637916,0
20090609,17.52,17.59,17.12,17.16,21798344,0
20090610,17.26,17.48,16.99,17.32,33802056,0
20090611,17.34,17.40,16.66,16.68,43966924,0
20090612,16.72,16.80,16.08,16.09,80982224,0
20090615,15.99,16.47,15.77,16.11,25581488,0
20090616,16.27,16.27,15.53,15.61,29798384,0
20090617,15.61,15.77,15.20,15.34,32065180,0
20090618,15.36,15.53,15.16,15.35,32173048,0
20090619,15.42,15.52,15.21,15.34,25469748,0
20090622,15.18,15.74,15.17,15.31,30170368,0
20090623,15.33,15.72,15.33,15.67,19993876,0
20090624,15.75,15.79,15.22,15.27,22805292,0
20090625,15.22,15.57,15.07,15.49,20888432,0
20090626,15.45,15.95,15.39,15.95,19751928,0
20090629,15.97,15.97,15.63,15.74,22685296,0
20090630,15.69,15.98,15.50,15.56,49255556,0
20090701,15.57,15.64,15.19,15.20,26178772,0
20090702,15.20,15.42,15.02,15.02,21523212,0
20090706,15.02,15.27,14.97,15.17,23400848,0
20090707,15.33,15.33,14.85,14.93,30368752,0
20090708,14.93,15.08,14.50,14.87,64082828,0
20090709,15.03,15.16,14.94,15.11,26617252,0
20090710,14.97,15.08,14.85,14.96,16656292,0
20090713,15.03,15.10,14.77,15.09,30653720,0
20090714,15.13,15.13,14.91,15.07,13296836,0
20090715,15.25,15.69,15.17,15.66,36507440,0
20090716,15.61,16.18,15.55,16.10,50090224,0
20090717,16.06,16.25,16.00,16.02,18076932,0
20090720,16.09,16.82,16.07,16.78,32241380,0
20090721,16.78,16.80,16.45,16.79,17749556,0
20090722,16.65,16.89,16.58,16.71,25328220,0
20090723,16.80,16.96,16.65,16.80,19399684,0
20090724,16.57,16.91,16.56,16.82,13198444,0
20090727,16.81,17.08,16.78,17.05,14279392,0
20090728,16.93,17.07,16.53,16.57,22670408,0
20090729,16.65,16.72,16.43,16.69,22032112,0
20090730,16.92,17.42,16.71,16.80,57807244,0
20090731,16.73,16.79,16.34,16.36,33052208,0
20090803,16.55,17.28,16.48,17.28,30346452,0
20090804,17.08,17.28,16.98,17.27,18702992,0
20090805,17.30,17.30,16.97,17.09,19878120,0
20090806,17.13,17.42,16.99,17.16,20894444,0
20090807,17.31,17.41,17.18,17.29,15382104,0
20090810,17.26,17.37,17.15,17.22,10042688,0
20090811,17.14,17.31,17.13,17.15,14545484,0
20090812,17.07,17.26,16.97,17.11,14432312,0
20090813,17.13,17.22,16.98,17.17,14968484,0
20090814,17.07,17.17,16.88,16.95,12214832,0
20090817,16.71,16.74,16.51,16.61,19786376,0
20090818,16.66,16.83,16.64,16.75,17077628,0
20090819,16.58,16.81,16.54,16.80,15455988,0
20090820,16.77,17.00,16.69,16.95,12152580,0
20090821,17.08,17.26,16.96,17.25,27457452,0
20090824,17.31,17.38,16.94,16.99,19978708,0
20090825,17.04,17.25,16.98,17.24,17574832,0
20090826,17.15,17.61,17.11,17.55,18969948,0
20090827,17.42,17.56,17.32,17.43,20605472,0
20090828,17.51,17.63,17.32,17.63,14022616,0
20090831,17.42,17.83,17.40,17.77,21521128,0
20090901,17.69,18.00,17.53,17.55,22290680,0
20090902,17.44,17.72,17.36,17.52,13336600,0
20090903,17.60,17.76,17.45,17.73,17067468,0
20090904,17.66,17.74,17.51,17.59,9894392,0
20090908,17.67,17.81,17.54,17.74,12220616,0
20090909,17.81,17.82,17.55,17.62,16388184,0
20090910,17.59,18.12,17.57,18.08,17009444,0
20090911,18.13,18.13,17.94,18.07,15398096,0
20090914,17.88,18.25,17.88,18.22,13099280,0
20090915,18.25,18.36,18.09,18.30,15351784,0
20090916,18.31,18.65,18.16,18.52,16613544,0
20090917,18.49,18.72,18.32,18.45,14236892,0
20090918,18.48,18.57,18.29,18.45,15209692,0
20090921,18.27,18.57,18.25,18.35,12941684,0
20090922,18.40,18.68,18.33,18.60,15248356,0
20090923,18.60,18.75,18.44,18.48,14977508,0
20090924,18.35,18.48,18.06,18.38,16055832,0
20090925,18.29,18.31,17.31,17.66,48186812,0
20090928,17.77,17.96,17.63,17.78,18369416,0
20090929,17.80,18.03,17.30,17.39,41910904,0
20090930,17.44,17.50,17.15,17.28,30467352,0
20091001,17.19,17.54,17.19,17.28,28217756,0
20091002,17.11,17.27,16.64,16.95,35419416,0
20091005,16.97,17.25,16.92,17.04,19904480,0
20091006,17.17,17.17,16.85,17.06,36430924,0
20091007,17.29,17.83,17.23,17.72,49064352,0
20091008,17.77,18.01,17.67,17.93,24105584,0
20091009,17.89,18.32,17.83,18.23,20737576,0
20091012,18.58,18.73,18.34,18.42,19286724,0
20091013,18.43,18.74,18.31,18.67,23609772,0
20091014,18.71,18.81,18.45,18.70,27134088,0
20091015,18.55,18.96,18.50,18.77,22272320,0
20091016,18.68,18.77,18.50,18.57,14946876,0
20091019,18.57,18.75,18.30,18.74,14586116,0
20091020,18.86,18.98,18.61,18.76,16507372,0
20091021,18.70,19.25,18.70,18.80,16285476,0
20091022,18.90,18.97,18.56,18.92,21770508,0
20091023,18.98,19.02,18.41,18.53,25509296,0
20091026,18.74,18.96,18.11,18.19,34836280,0
20091027,18.40,18.61,18.13,18.48,40859832,0
20091028,18.73,19.50,18.69,19.14,77930364,0
20091029,19.25,19.55,18.96,19.32,41506908,0
20091030,19.24,19.38,18.79,18.94,27327768,0
20091102,19.02,19.54,18.96,19.32,25334128,0
20091103,19.19,19.42,18.95,19.41,26100824,0
20091104,19.57,19.88,19.53,19.58,24364584,0
20091105,19.63,19.94,19.57,19.90,16362576,0
20091106,19.75,19.98,19.66,19.92,15766436,0
20091109,19.97,20.41,19.92,20.29,26326784,0
20091110,20.23,20.37,20.14,20.27,19667792,0
20091111,20.40,20.49,20.10,20.20,14663184,0
20091112,20.17,20.27,19.83,19.98,12968880,0
20091113,19.98,20.05,19.69,20.00,13697340,0
20091116,20.02,20.10,19.81,19.89,23034692,0
20091117,19.89,20.17,19.82,20.14,15733764,0
20091118,20.05,20.22,19.91,20.10,11472980,0
20091119,19.99,20.39,19.56,20.05,36537192,0
20091120,19.93,20.11,19.91,20.00,12538056,0
20091123,20.19,20.20,19.98,20.11,17463524,0
20091124,20.09,20.16,19.90,20.15,12152876,0
20091125,20.20,20.48,20.09,20.45,11498756,0
20091127,20.02,20.21,19.90,20.08,9294672,0
20091130,20.08,20.34,20.05,20.25,15706728,0
20091201,20.36,20.85,20.25,20.74,24412012,0
20091202,20.76,20.85,20.52,20.56,12861844,0
20091203,20.59,20.66,19.98,20.01,19124284,0
20091204,20.27,20.40,19.68,20.07,21865668,0
20091207,20.06,20.16,19.96,19.98,9660676,0
20091208,19.90,20.10,19.89,20.00,10425304,0
20091209,19.90,20.48,19.88,20.44,16743716,0
20091210,20.47,20.69,20.34,20.58,14550600,0
20091211,20.57,20.60,20.29,20.33,11518604,0
20091214,21.24,21.48,20.87,21.19,70499660,0
20091215,21.06,21.55,20.98,21.53,38042152,0
20091216,21.56,21.87,21.47,21.76,33782160,0
20091217,21.62,21.85,21.38,21.76,38250500,0
20091218,21.85,22.42,21.85,22.24,337553268,0
20091221,22.24,22.27,21.66,21.88,44563796,0
20091222,21.91,21.99,21.47,21.57,28819388,0
20091223,21.61,21.75,21.41,21.54,23121728,0
20091224,21.65,21.70,21.45,21.57,6912344,0
20091228,21.61,21.75,21.52,21.69,13439224,0
20091229,21.66,22.07,21.66,22.00,18744984,0
20091230,21.87,22.07,21.87,22.03,12352352,0
20091231,21.99,22.05,21.79,21.86,12643772,0
20100104,22.00,22.19,21.86,22.03,20180696,0
20100105,21.82,21.88,21.50,21.78,25834736,0
20100106,21.75,21.77,21.48,21.49,16263400,0
20100107,21.49,21.75,21.39,21.69,27846244,0
20100108,21.70,21.85,21.56,21.75,11908428,0
20100111,21.88,21.98,21.54,21.69,12914668,0
20100112,21.64,21.76,21.46,21.58,12842768,0
20100113,21.61,21.80,21.49,21.78,13428824,0
20100114,21.74,21.88,21.63,21.86,18382192,0
20100115,21.87,21.89,21.48,21.53,21303088,0
20100119,21.54,22.10,21.42,21.96,15240420,0
20100120,21.92,21.93,21.58,21.85,12771140,0
20100121,21.86,21.98,21.03,21.11,28156820,0
20100122,21.01,21.10,20.41,20.68,29782272,0
20100125,20.85,20.95,20.35,20.51,16149040,0
20100126,20.34,20.64,20.25,20.29,12442480,0
20100127,20.22,21.03,20.15,20.98,19335820,0
20100128,21.09,21.12,20.35,20.66,13070956,0
20100129,20.65,21.24,20.47,20.51,20284572,0
20100201,20.57,21.19,20.55,20.91,16099724,0
20100202,21.06,21.12,20.88,21.00,14443832,0
20100203,21.06,21.12,20.52,20.88,32197288,0
20100204,21.31,21.55,20.70,20.76,66505844,0
20100205,20.83,20.97,20.14,20.64,38695172,0
20100208,20.73,21.09,20.64,20.76,23975260,0
20100209,20.92,21.03,20.67,20.82,17968580,0
20100210,20.87,20.98,20.72,20.91,14576316,0
20100211,20.95,21.30,20.81,21.28,18044740,0
20100212,21.13,21.23,20.91,21.19,22117504,0
20100216,21.31,21.48,21.30,21.47,16066416,0
20100217,21.50,21.64,21.44,21.60,14976432,0
20100218,21.50,21.86,21.50,21.74,15294856,0
20100219,21.50,21.74,21.37,21.70,13673440,0
20100222,21.76,21.94,21.70,21.73,11572504,0
20100223,21.75,21.90,21.51,21.53,19130680,0
20100224,21.56,21.65,21.19,21.41,16209752,0
20100225,21.19,21.36,20.93,21.31,14144516,0
20100226,21.39,21.43,21.25,21.32,12478392,0
20100301,21.38,21.73,21.32,21.70,13500236,0
20100302,21.70,21.74,21.56,21.61,12903808,0
20100303,21.65,21.80,21.56,21.70,13661624,0
20100304,21.75,21.86,21.53,21.76,14577356,0
20100305,21.85,22.14,21.77,22.13,19507384,0
20100308,22.11,22.73,22.02,22.66,31265380,0
20100309,22.56,22.92,22.47,22.54,36700764,0
20100310,22.43,22.95,22.39,22.88,28439604,0
20100311,22.74,23.32,22.70,23.18,55144160,0
20100312,23.29,23.41,23.16,23.31,28642820,0
20100315,23.22,23.29,22.78,23.10,20739140,0
20100316,23.17,23.23,22.84,22.91,19071504,0
20100317,23.03,23.10,22.81,22.88,14786264,0
20100318,22.88,22.95,22.52,22.53,18770088,0
20100319,22.63,22.69,22.17,22.21,24223808,0
20100322,22.10,22.44,22.05,22.31,16674524,0
20100323,22.38,22.57,22.31,22.49,13517784,0
20100324,22.40,22.48,22.15,22.19,15611948,0
20100325,22.42,22.94,22.37,22.60,20355724,0
20100326,22.68,22.81,22.41,22.56,13539148,0
20100329,22.64,22.79,22.53,22.56,11136600,0
20100330,22.62,22.96,22.58,22.75,16334044,0
20100331,22.67,23.05,22.63,22.76,12505056,0
20100401,22.92,23.14,22.83,23.14,17464952,0
20100405,23.26,23.30,23.02,23.12,15364276,0
20100406,23.01,23.33,22.95,23.10,13813256,0
20100407,23.13,23.13,22.66,22.68,14750832,0
20100408,22.66,23.02,22.63,22.87,10771812,0
20100409,22.98,23.15,22.91,23.13,9567164,0
20100412,23.26,23.37,23.12,23.30,9323144,0
20100413,23.35,23.45,23.04,23.20,11436424,0
20100414,23.29,23.61,23.22,23.56,17329808,0
20100415,23.59,23.81,23.48,23.61,20640340,0
20100416,23.52,23.73,23.20,23.46,18782196,0
20100419,23.30,23.55,23.02,23.28,12590988,0
20100420,23.41,23.52,23.13,23.51,9092008,0
20100421,23.59,23.59,23.22,23.28,11365464,0
20100422,23.20,23.80,23.11,23.78,14662400,0
20100423,24.05,24.20,23.81,24.15,12501740,0
20100426,24.26,24.30,23.89,24.00,18274832,0
20100427,23.99,24.06,23.22,23.24,17891756,0
20100428,23.43,23.51,23.08,23.40,20430112,0
20100429,23.44,23.65,23.03,23.20,29416908,0
20100430,23.32,23.34,22.50,22.56,25079804,0
20100503,22.64,22.82,22.10,22.32,31026188,0
20100504,22.33,22.74,22.03,22.09,30629464,0
20100505,21.69,21.99,21.00,21.61,37189656,0
20100506,21.46,21.64,18.98,20.73,63950900,0
20100507,20.76,21.04,20.19,20.57,45528880,0
20100510,21.56,21.80,21.48,21.50,35109760,0
20100511,21.28,21.31,20.78,21.04,47261708,0
20100512,21.26,21.89,21.19,21.42,37132604,0
20100513,21.47,21.99,21.13,21.43,31835376,0
20100514,19.67,19.97,18.98,19.31,169857604,0
20100517,19.69,19.81,18.42,18.68,90582292,0
20100518,18.77,19.00,17.07,17.52,189339116,0
20100519,17.68,18.55,17.68,18.24,131642616,0
20100520,18.00,18.85,17.78,18.20,101645496,0
20100521,18.00,19.00,18.00,18.55,79628904,0
20100524,18.86,19.05,18.44,18.64,41195660,0
20100525,18.26,18.46,17.94,18.24,45457136,0
20100526,18.53,18.80,18.34,18.35,44416548,0
20100527,18.75,18.80,18.23,18.42,39119600,0
20100528,18.34,18.38,18.00,18.11,26590696,0
20100601,18.12,18.40,17.84,17.87,25083116,0
20100602,17.86,17.97,17.50,17.81,37624460,0
20100603,17.98,18.30,17.91,18.21,39136172,0
20100604,17.76,18.35,17.76,18.03,42142000,0
20100607,18.00,18.44,17.89,17.97,30619020,0
20100608,18.03,18.37,17.77,18.34,30512828,0
20100609,18.53,18.87,18.30,18.45,35592348,0
20100610,18.91,19.37,18.75,19.36,36383580,0
20100611,19.13,19.22,18.84,19.02,30177468,0
20100614,19.24,19.25,18.42,18.44,37461800,0
20100615,18.62,19.24,18.48,19.23,31237860,0
20100616,19.05,19.31,18.90,19.29,28151352,0
20100617,19.45,19.78,19.31,19.56,29138772,0
20100618,19.63,19.81,19.06,19.26,29735332,0
20100621,19.49,20.95,18.85,20.23,115876212,0
20100622,20.25,20.25,19.66,19.69,46871600,0
20100623,19.74,19.74,19.20,19.44,27935196,0
20100624,19.28,19.49,18.94,19.12,26279412,0
20100625,19.26,19.35,18.91,19.18,23676956,0
20100628,19.25,19.32,18.79,18.81,20525276,0
20100629,18.57,18.62,17.77,17.86,39857656,0
20100630,17.92,18.02,17.68,17.69,24717952,0
20100701,17.75,18.25,17.53,18.22,30364148,0
20100702,18.31,18.45,18.15,18.30,18806340,0
20100706,18.46,18.58,17.95,18.07,23727088,0
20100707,18.17,18.73,18.04,18.70,20874560,0
20100708,18.88,18.95,18.51,18.77,16246640,0
20100709,19.06,19.40,18.91,19.34,22483436,0
20100712,19.00,19.34,18.97,19.13,15836484,0
20100713,19.45,19.45,18.87,19.15,19931392,0
20100714,19.14,19.25,18.91,19.07,12822684,0
20100715,19.10,19.16,18.57,18.82,16490320,0
20100716,18.40,18.44,17.82,17.86,39059772,0
20100719,18.05,18.06,17.72,17.81,20018948,0
20100720,17.68,18.42,17.63,18.40,19109192,0
20100721,18.50,18.50,17.98,18.09,15917524,0
20100722,18.29,18.64,18.25,18.61,19493376,0
20100723,18.62,18.99,18.51,18.90,12661732,0
20100726,18.92,19.13,18.84,19.02,15794304,0
20100727,19.25,19.32,18.97,19.15,17357956,0
20100728,19.04,19.21,18.77,18.80,25204956,0
20100729,18.69,18.72,17.84,18.00,58877912,0
20100730,17.90,18.41,17.84,18.34,30797740,0
20100802,17.75,18.10,17.74,18.06,53886656,0
20100803,17.91,18.38,17.86,18.25,34169896,0
20100804,18.30,18.35,18.09,18.11,20502272,0
20100805,18.03,18.10,17.83,17.88,30792860,0
20100806,17.79,18.05,17.72,18.03,19364356,0
20100809,18.28,18.72,18.20,18.68,28615508,0
20100810,18.51,18.93,18.51,18.82,31068200,0
20100811,18.50,18.59,18.25,18.38,23116436,0
20100812,18.19,18.55,18.13,18.25,24677660,0
20100813,18.24,18.28,18.04,18.06,14571968,0
20100816,18.02,18.31,17.95,18.21,10701168,0
20100817,18.36,18.44,18.11,18.34,13334472,0
20100818,18.27,18.34,18.13,18.22,12232472,0
20100819,18.10,18.18,17.88,17.91,18442040,0
20100820,17.82,17.90,17.40,17.52,31541996,0
20100823,17.64,17.83,17.40,17.53,18395632,0
20100824,17.38,17.74,17.25,17.67,26749664,0
20100825,17.58,18.03,17.57,17.72,22405492,0
20100826,17.80,17.85,17.47,17.48,14116992,0
20100827,17.60,17.78,17.40,17.78,15659640,0
20100830,17.74,17.85,17.39,17.39,14006080,0
20100831,17.39,17.52,17.00,17.25,23221732,0
20100901,17.46,17.69,17.27,17.63,17296476,0
20100902,17.75,18.06,17.67,18.00,16779880,0
20100903,18.25,18.28,18.02,18.13,14073828,0
20100907,17.97,18.25,17.83,17.88,14419172,0
20100908,17.59,17.67,17.08,17.14,45040796,0
20100909,17.19,17.24,16.52,16.69,53063840,0
20100910,16.71,17.12,16.67,17.02,31405648,0
20100913,17.00,17.00,16.23,16.37,60564280,0
20100914,16.41,16.99,16.39,16.78,39646272,0
20100915,16.93,17.38,16.90,17.23,43086564,0
20100916,17.20,17.30,17.01,17.09,29814936,0
20100917,17.19,17.25,17.05,17.12,41973968,0
20100920,17.13,17.58,17.02,17.58,29390764,0
20100921,17.61,17.78,17.38,17.49,25312856,0
20100922,17.52,17.72,17.49,17.66,25844604,0
20100923,17.52,17.86,17.47,17.75,26983212,0
20100924,17.94,18.09,17.84,18.09,21037500,0
20100927,18.19,18.37,17.98,18.25,20098556,0
20100928,18.23,18.40,18.14,18.32,29216568,0
20100929,18.25,18.63,18.22,18.60,27881932,0
20100930,18.68,18.74,18.45,18.57,23154068,0
20101001,18.68,18.69,18.29,18.33,18116136,0
20101004,18.32,18.59,18.15,18.31,23158180,0
20101005,18.53,18.75,18.42,18.75,20661720,0
20101006,18.76,18.88,18.45,18.56,15122536,0
20101007,18.57,18.70,18.39,18.40,9977192,0
20101008,18.42,18.51,18.29,18.50,9386192,0
20101011,18.46,18.70,18.46,18.57,10399732,0
20101012,18.53,18.63,18.39,18.56,13899112,0
20101013,18.68,19.25,18.58,19.24,29855956,0
20101014,19.17,19.43,19.07,19.29,21305428,0
20101015,19.44,19.48,19.16,19.40,14347960,0
20101018,19.38,19.59,19.19,19.59,20173508,0
20101019,19.40,19.89,19.31,19.39,28977072,0
20101020,19.44,19.98,19.32,19.88,19825360,0
20101021,19.86,20.22,19.65,19.80,19506260,0
20101022,19.79,19.97,19.68,19.82,14814096,0
20101025,20.00,20.18,19.91,20.16,16520832,0
20101026,20.05,20.08,19.84,20.01,15636504,0
20101027,20.07,20.15,19.79,19.98,20665208,0
20101028,19.83,19.88,18.83,19.11,44467468,0
20101029,19.10,19.61,19.08,19.54,22874084,0
20101101,19.65,19.69,19.17,19.33,13683664,0
20101102,19.54,19.67,19.37,19.60,15395528,0
20101103,19.64,19.81,19.50,19.75,14126516,0
20101104,19.93,20.02,19.76,20.00,20205360,0
20101105,20.07,20.12,19.79,19.95,28505844,0
20101108,19.85,19.96,19.65,19.68,12236228,0
20101109,19.75,19.87,19.51,19.58,10807532,0
20101110,19.63,19.83,19.50,19.82,11912100,0
20101111,19.73,19.87,19.51,19.81,9206272,0
20101112,19.64,19.70,19.23,19.24,13318956,0
20101115,19.38,19.47,19.08,19.09,13313120,0
20101116,18.89,19.08,18.57,18.75,20379268,0
20101117,18.73,19.09,18.72,18.93,14879980,0
20101118,19.07,19.27,19.04,19.24,17203968,0
20101119,19.20,19.39,19.19,19.26,10312700,0
20101122,19.17,19.25,18.82,18.86,19955440,0
20101123,18.75,18.79,18.63,18.66,14631784,0
20101124,18.88,19.00,18.79,18.95,17355372,0
20101126,18.83,18.95,18.81,18.87,4349324,0
20101129,18.81,18.81,18.23,18.55,21580376,0
20101130,18.39,18.57,18.31,18.46,18545752,0
20101201,18.74,18.87,18.61,18.81,22347168,0
20101202,18.89,19.27,18.88,19.25,26764876,0
20101203,19.18,19.39,19.06,19.34,20681180,0
20101206,19.33,19.59,19.29,19.58,18351080,0
20101207,19.75,19.94,19.20,19.22,25379840,0
20101208,19.25,19.54,19.25,19.49,14311540,0
20101209,19.54,19.80,19.33,19.78,14864276,0
20101210,19.76,20.06,19.76,20.05,23736420,0
20101213,20.08,20.44,19.88,20.22,40988212,0
20101214,20.19,20.30,20.04,20.16,24789504,0
20101215,20.05,20.09,19.19,19.24,45801820,0
20101216,19.30,19.88,16.65,16.80,202230804,0
20101217,17.08,17.15,16.63,16.73,167890536,0
20101220,16.88,17.06,16.75,17.00,64217472,0
20101221,17.17,17.21,16.97,17.01,43485016,0
20101222,17.07,17.19,17.01,17.14,23299228,0
20101223,17.08,17.23,17.07,17.18,16604000,0
20101227,17.17,17.79,17.16,17.70,31077032,0
20101228,17.84,17.95,17.63,17.68,19132344,0
20101229,17.73,17.80,17.58,17.65,13004328,0
20101230,17.68,17.69,17.53,17.57,11021080,0
20101231,17.57,17.62,17.49,17.59,11102916,0
20110103,17.60,17.73,17.55,17.63,25714036,0
20110104,17.73,17.74,17.57,17.65,18142224,0
20110105,17.71,18.08,17.67,18.02,38524460,0
20110106,18.18,18.39,18.13,18.29,28362328,0
20110107,18.36,18.39,18.13,18.24,28251156,0
20110110,18.17,18.31,17.94,17.95,18216412,0
20110111,18.01,18.13,17.89,17.97,20599368,0
20110112,18.00,18.16,18.00,18.15,18546348,0
20110113,18.28,18.32,17.73,17.78,28116140,0
20110114,17.82,17.89,17.68,17.78,25176972,0
20110118,17.82,17.84,17.68,17.80,19345588,0
20110119,17.74,17.76,17.11,17.28,42852652,0
20110120,17.17,17.89,16.88,17.67,81381080,0
20110121,17.63,17.75,17.48,17.54,24787960,0
20110124,17.56,17.96,17.55,17.95,22924176,0
20110125,17.79,18.09,17.58,17.90,30285300,0
20110126,17.98,18.03,17.74,17.75,17841196,0
20110127,17.76,17.81,17.63,17.65,19416888,0
20110128,17.70,17.73,17.35,17.36,25066656,0
20110131,17.48,17.59,17.34,17.46,24630964,0
20110201,17.55,17.93,17.55,17.67,25482648,0
20110202,17.77,18.02,17.69,18.02,27162264,0
20110203,17.93,18.12,17.75,17.91,33486328,0
20110204,18.00,18.25,17.90,18.23,28843824,0
20110207,18.25,18.54,18.23,18.48,22242672,0
20110208,18.49,18.65,18.45,18.64,15375860,0
20110209,18.44,18.68,18.27,18.32,18678828,0
20110210,18.23,18.79,18.23,18.68,24752684,0
20110211,18.65,18.78,18.57,18.73,17281088,0
20110214,18.75,19.24,18.63,18.93,28975424,0
20110215,18.93,18.98,18.77,18.90,15855428,0
20110216,18.93,19.05,18.86,18.99,20146852,0
20110217,18.94,19.18,18.86,19.03,23479440,0
20110218,19.15,19.27,18.89,18.96,26012268,0
20110222,18.58,18.77,18.28,18.43,31594144,0
20110223,18.41,18.64,18.19,18.22,28720176,0
20110224,18.17,18.56,18.16,18.48,19609696,0
20110225,18.55,18.85,18.55,18.67,24870688,0
20110228,18.72,18.82,18.26,18.26,24859988,0
20110301,18.47,18.72,18.13,18.17,27007020,0
20110302,18.15,18.56,18.13,18.49,21544344,0
20110303,18.67,18.98,18.64,18.96,20389752,0
20110304,18.97,18.99,18.50,18.67,19524808,0
20110307,18.65,18.81,18.50,18.54,18643660,0
20110308,18.61,18.73,18.33,18.54,33501908,0
20110309,18.60,18.67,18.33,18.43,17872248,0
20110310,18.33,18.33,17.81,17.85,28562104,0
20110311,17.84,18.19,17.81,18.13,17336972,0
20110314,17.98,18.18,17.91,17.97,13980756,0
20110315,17.73,17.95,17.61,17.80,24198468,0
20110316,17.85,17.99,17.67,17.74,24047200,0
20110317,17.90,18.00,17.78,17.86,13803164,0
20110318,18.03,18.03,17.73,17.85,25272340,0
20110321,17.96,18.08,17.91,17.99,14812224,0
20110322,17.95,17.99,17.80,17.90,15357100,0
20110323,17.84,18.09,17.84,18.00,17583784,0
20110324,18.06,18.21,17.89,18.17,20561540,0
20110325,18.12,18.23,18.01,18.02,29477676,0
20110328,18.10,18.27,17.99,18.19,23201616,0
20110329,18.09,18.12,17.94,18.05,23559224,0
20110330,18.49,18.83,18.42,18.56,59678192,0
20110331,18.63,18.73,18.40,18.41,18565596,0
20110401,18.50,18.62,18.32,18.56,17276184,0
20110404,18.55,18.81,18.51,18.81,15529676,0
20110405,18.80,18.98,18.70,18.91,18093156,0
20110406,18.93,19.00,18.88,19.00,18135584,0
20110407,19.03,19.14,18.93,19.10,22090728,0
20110408,19.20,19.43,19.08,19.18,23985156,0
20110411,19.20,19.44,19.17,19.43,19012196,0
20110412,19.23,19.40,19.19,19.26,20513936,0
20110413,19.34,19.50,19.30,19.38,18267660,0
20110414,19.28,19.32,19.04,19.08,18602680,0
20110415,19.12,19.25,19.01,19.12,20262388,0
20110418,18.90,19.08,18.86,18.92,15339732,0
20110419,18.87,19.00,18.79,18.98,14265048,0
20110420,19.15,19.48,19.10,19.34,14848636,0
20110421,19.34,19.50,19.26,19.44,10996624,0
20110425,19.44,19.47,19.33,19.44,7127436,0
20110426,19.45,19.75,19.35,19.69,15124336,0
20110427,19.70,19.74,19.47,19.72,8985676,0
20110428,19.71,19.71,19.39,19.42,11427156,0
20110429,19.42,19.61,18.56,19.53,10877496,0
20110502,19.61,19.92,19.61,19.78,13504748,0
20110503,19.91,20.04,19.83,20.00,18963460,0
20110504,19.96,20.04,19.76,19.94,17352676,0
20110505,19.77,19.84,19.55,19.67,20998040,0
20110506,19.63,19.97,19.57,19.85,29764304,0
20110509,19.78,20.00,19.76,19.97,19097588,0
20110510,19.99,20.17,19.93,20.09,19667768,0
20110511,20.06,20.06,19.74,19.83,17669100,0
20110512,19.77,20.01,19.77,19.98,25070440,0
20110513,20.00,20.05,19.92,19.98,21491084,0
20110516,19.79,20.33,19.78,19.99,18765464,0
20110517,19.95,20.20,19.94,20.15,22114404,0
20110518,20.11,20.11,19.87,20.00,20128148,0
20110519,20.03,20.03,19.85,19.91,14952932,0
20110520,19.83,19.96,19.56,19.56,17223008,0
20110523,19.27,19.43,19.15,19.23,18265336,0
20110524,19.25,19.44,19.17,19.40,14828252,0
20110525,19.24,19.77,19.15,19.69,18003996,0
20110526,19.64,19.84,19.41,19.82,21125844,0
20110527,19.67,19.96,19.59,19.95,15344604,0
20110531,20.00,20.28,20.00,20.26,15274752,0
20110601,20.19,20.19,19.80,19.80,17726176,0
20110602,19.80,20.20,19.79,20.17,19465732,0
20110603,19.95,20.09,19.74,19.78,18952168,0
20110606,19.75,19.89,19.54,19.55,17621612,0
20110607,19.70,20.03,19.63,19.95,27858616,0
20110608,19.67,19.67,18.59,19.18,80786208,0
20110609,19.07,19.18,18.97,19.11,32073488,0
20110610,19.05,19.08,18.64,18.67,29467144,0
20110613,18.71,18.78,18.58,18.72,20821576,0
20110614,18.78,19.07,18.71,18.98,30033764,0
20110615,18.89,19.01,18.70,18.71,22775476,0
20110616,18.70,18.84,18.59,18.72,21042152,0
20110617,18.85,18.87,18.55,18.61,25859200,0
20110620,18.57,18.58,18.41,18.51,22546744,0
20110621,18.64,18.80,18.54,18.75,25295140,0
20110622,18.74,18.99,18.64,18.67,17717380,0
20110623,18.55,18.85,18.50,18.83,20404384,0
20110624,18.83,18.84,18.33,18.34,39698572,0
20110627,18.45,18.51,18.28,18.47,20881200,0
20110628,18.57,18.86,18.55,18.82,23297580,0
20110629,18.98,21.83,18.70,20.28,132109072,0
20110630,21.53,21.84,20.98,21.07,119925728,0
20110701,21.02,22.23,20.94,21.99,61742912,0
20110705,21.74,22.20,21.58,22.08,33091920,0
20110706,21.96,22.31,21.71,22.05,33620264,0
20110707,22.05,22.71,22.00,22.54,48531120,0
20110708,22.24,22.54,22.10,22.43,20815188,0
20110711,22.15,22.31,21.92,21.98,25734236,0
20110712,22.00,22.20,21.90,21.92,18430028,0
20110713,22.03,22.49,22.00,22.18,18863672,0
20110714,22.06,22.35,21.95,21.99,17217448,0
20110715,22.17,22.22,21.93,22.19,16001100,0
20110718,22.08,22.23,21.93,22.02,13515624,0
20110719,22.12,22.32,22.05,22.30,21586104,0
20110720,22.37,22.37,22.06,22.16,9482332,0
20110721,22.26,22.59,22.01,22.01,21027580,0
20110722,22.02,22.44,22.02,22.38,9036432,0
20110725,22.16,22.56,22.09,22.27,13352244,0
20110726,22.25,22.50,22.17,22.30,10710864,0
20110727,22.08,22.25,21.81,21.94,24105812,0
20110728,22.03,22.24,21.67,21.73,19237172,0
20110729,21.46,21.56,20.90,21.39,16710604,0
20110801,21.75,21.83,21.26,21.42,13514196,0
20110802,21.25,21.60,20.89,20.89,17326728,0
20110803,21.13,21.94,20.95,21.87,35314860,0
20110804,21.69,21.70,21.22,21.25,38839260,0
20110805,21.33,21.42,20.22,20.85,33628136,0
20110808,20.05,20.45,19.52,19.81,58528084,0
20110809,20.09,20.72,19.03,20.69,58709836,0
20110810,20.32,20.41,19.75,19.82,38429376,0
20110811,20.04,21.42,19.92,21.13,37360108,0
20110812,21.28,21.45,20.86,20.96,16598436,0
20110815,21.28,21.56,21.13,21.47,18328424,0
20110816,21.25,21.59,21.15,21.46,20360324,0
20110817,21.49,21.55,20.83,21.00,19089916,0
20110818,20.38,20.69,19.99,20.07,32999712,0
20110819,19.83,20.42,19.83,19.90,31172064,0
20110822,20.31,20.38,19.81,19.95,19341580,0
20110823,20.06,20.95,19.94,20.94,20076188,0
20110824,20.90,21.65,20.78,21.59,29151364,0
20110825,21.62,21.73,20.99,21.03,24274348,0
20110826,20.88,21.49,20.67,21.46,21498636,0
20110829,21.75,21.98,21.52,21.65,18569480,0
20110830,21.66,22.08,21.58,21.98,16622740,0
20110831,22.13,22.21,21.69,21.97,24092616,0
20110901,21.93,22.24,21.76,21.93,20801720,0
20110902,21.43,21.78,21.27,21.39,15813796,0
20110906,20.81,21.56,20.81,21.47,15808924,0
20110907,21.70,22.13,21.67,22.12,16553324,0
20110908,21.94,22.27,21.86,21.86,18394112,0
20110909,21.72,22.10,21.49,21.59,26492392,0
20110912,21.43,21.87,21.37,21.86,19608352,0
20110913,21.92,21.98,21.67,21.94,17471668,0
20110914,22.06,22.55,21.89,22.40,26147380,0
20110915,22.50,22.65,22.09,22.63,21478808,0
20110916,22.66,22.88,22.41,22.71,50281420,0
20110919,22.37,22.67,22.17,22.51,22094304,0
20110920,22.60,23.69,22.57,23.21,36063972,0
20110921,23.16,23.53,22.85,22.85,28070636,0
20110922,22.18,22.50,21.55,22.08,35693288,0
20110923,21.99,22.73,21.99,22.52,21525788,0
20110926,22.75,22.88,22.04,22.57,19095224,0
20110927,22.78,22.92,22.28,22.37,20068048,0
20110928,22.45,22.46,21.86,21.91,17090008,0
20110929,22.24,22.24,21.50,21.92,15552936,0
20110930,21.56,21.91,21.31,21.43,17955956,0
20111003,21.24,21.66,21.06,21.07,26223264,0
20111004,20.76,21.27,20.43,21.19,31415480,0
20111005,21.15,21.36,20.81,21.25,25113748,0
20111006,21.22,21.82,21.10,21.78,19486148,0
20111007,21.86,22.00,21.44,21.56,17553004,0
20111010,21.95,22.32,21.85,22.31,13325336,0
20111011,22.18,22.72,22.11,22.63,17626752,0
20111012,22.75,23.08,22.68,22.79,19065056,0
20111013,22.63,23.23,22.61,23.15,13193332,0
20111014,23.35,23.66,23.29,23.48,15800640,0
20111017,23.28,23.48,22.76,22.80,13842720,0
20111018,22.78,23.63,22.65,23.48,14399640,0
20111019,23.55,23.62,22.47,22.52,21665024,0
20111020,22.70,22.99,22.57,22.84,17646036,0
20111021,23.12,23.36,22.98,23.36,14131784,0
20111024,23.32,23.60,23.30,23.55,12140260,0
20111025,23.38,23.41,22.64,22.67,16826756,0
20111026,23.03,23.18,22.40,23.00,26746236,0
20111027,22.75,23.62,22.65,23.60,41573520,0
20111028,23.31,23.94,23.31,23.77,23299708,0
20111031,23.57,23.97,23.31,23.32,17825716,0
20111101,22.79,23.11,22.50,22.51,30541304,0
20111102,23.26,23.50,22.78,22.88,24565632,0
20111103,23.01,23.45,22.57,23.30,18412556,0
20111104,23.08,23.41,22.91,23.16,13608344,0
20111107,23.20,23.33,22.88,23.24,9647064,0
20111108,23.36,23.67,23.35,23.64,19603148,0
20111109,23.07,23.52,23.07,23.28,19596828,0
20111110,23.59,23.59,23.15,23.26,11248528,0
20111111,23.45,23.91,23.43,23.79,13648532,0
20111114,23.65,23.93,23.39,23.45,10431828,0
20111115,23.50,23.95,23.46,23.91,14152948,0
20111116,23.64,23.75,23.29,23.35,13000964,0
20111117,23.42,23.50,22.72,22.85,17229068,0
20111118,22.88,22.91,22.61,22.70,12905956,0
20111121,22.42,22.97,22.28,22.80,15846972,0
20111122,22.74,23.05,22.66,22.71,13469776,0
20111123,22.59,22.94,22.30,22.32,21065732,0
20111125,22.26,22.60,22.19,22.25,6933564,0
20111128,22.92,23.44,22.78,23.37,14793124,0
20111129,23.37,23.38,23.14,23.23,14513388,0
20111130,23.71,24.26,23.66,24.24,21504968,0
20111201,23.98,24.57,23.94,24.44,19043304,0
20111202,24.60,24.65,24.20,24.30,12927944,0
20111205,24.57,24.57,23.80,24.01,16733684,0
20111206,24.01,24.07,23.77,23.84,14137092,0
20111207,23.82,24.36,23.76,24.27,16055416,0
20111208,24.24,24.47,23.90,23.95,14239508,0
20111209,24.16,24.36,23.88,24.30,11973676,0
20111212,24.16,24.35,23.96,24.23,13644028,0
20111213,24.36,24.39,23.88,23.98,13565044,0
20111214,23.93,24.18,23.76,24.09,19154540,0
20111215,24.33,24.33,23.89,23.95,21020056,0
20111216,24.17,24.44,24.10,24.36,17556688,0
20111219,24.38,24.84,24.38,24.65,23544224,0
20111220,24.88,25.38,24.84,25.34,27455020,0
20111221,25.28,25.32,24.88,25.18,15243924,0
20111222,25.15,25.49,25.02,25.14,13439552,0
20111223,25.23,25.63,25.13,25.62,7803108,0
20111227,25.62,25.86,25.48,25.48,8720080,0
20111228,25.42,25.50,25.15,25.18,9969500,0
20111229,25.25,25.81,25.20,25.79,8638848,0
20111230,25.79,25.80,25.37,25.38,8596032,0
20120103,25.85,25.85,25.46,25.75,16838136,0
20120104,25.42,25.61,25.00,25.29,16527052,0
20120105,25.18,25.55,24.92,25.48,12096464,0
20120106,25.49,25.56,25.06,25.18,13088980,0
20120109,25.25,25.30,24.69,24.98,18003796,0
20120110,25.22,25.24,24.86,24.95,18713452,0
20120111,24.75,24.88,24.58,24.78,19015668,0
20120112,24.84,25.42,24.84,25.33,16709072,0
20120113,25.18,25.45,25.07,25.18,16626996,0
20120117,25.33,25.74,25.30,25.63,17021644,0
20120118,25.54,25.97,25.53,25.94,11752584,0
20120119,26.04,26.05,25.56,25.59,14570484,0
20120120,25.60,25.63,24.95,25.15,20035644,0
20120123,25.19,25.22,24.70,24.90,16166224,0
20120124,24.76,25.32,24.75,25.25,12141096,0
20120125,25.15,25.24,24.95,25.14,15088312,0
20120126,25.18,25.54,25.00,25.22,13939508,0
20120127,25.10,25.38,24.98,25.26,11362940,0
20120130,25.03,25.13,24.88,24.97,12478104,0
20120131,25.12,25.19,24.96,25.16,13240816,0
20120201,25.30,25.67,25.15,25.63,15377860,0
20120202,25.94,26.78,25.90,26.51,33745148,0
20120203,26.70,26.95,26.65,26.76,16533912,0
20120206,26.74,27.07,26.70,26.84,13351808,0
20120207,26.86,26.89,26.51,26.75,13051404,0
20120208,26.94,27.16,26.75,27.09,22741688,0
20120209,28.26,28.73,28.01,28.10,39608028,0
20120210,27.95,28.50,27.85,28.48,21889124,0
20120213,28.56,28.79,28.09,28.18,22079884,0
20120214,28.03,28.81,28.02,28.81,17963552,0
20120215,28.93,29.30,28.66,28.77,21701172,0
20120216,28.86,28.93,28.40,28.45,15973312,0
20120217,28.60,28.81,28.45,28.75,15517240,0
20120221,28.82,29.00,28.46,28.55,10819604,0
20120222,28.45,29.19,28.33,29.09,14382232,0
20120223,29.09,29.20,28.92,29.12,10890688,0
20120224,29.12,29.44,28.98,29.39,11094640,0
20120227,29.27,29.33,29.08,29.22,15815004,0
20120228,29.29,29.74,29.26,29.74,11937600,0
20120229,29.75,29.84,29.00,29.09,15219932,0
20120301,29.36,29.50,29.14,29.30,11174512,0
20120302,29.13,29.24,28.90,29.04,12218528,0
20120305,29.04,29.21,28.98,29.06,10156788,0
20120306,28.81,28.88,28.39,28.71,13304492,0
20120307,28.93,29.02,28.74,28.91,10697508,0
20120308,29.17,29.55,29.01,29.49,9524468,0
20120309,29.52,29.60,29.25,29.29,8457336,0
20120312,29.25,29.39,29.02,29.13,7709204,0
20120313,29.23,29.35,28.92,29.32,12792308,0
20120314,29.33,29.47,29.12,29.19,14996364,0
20120315,29.16,29.37,29.08,29.25,13293700,0
20120316,29.36,29.38,29.07,29.17,16008608,0
20120319,29.11,29.93,29.04,29.71,15919544,0
20120320,29.54,29.65,29.00,29.13,10588652,0
20120321,29.27,29.41,29.15,29.19,8426932,0
20120322,29.04,29.38,29.00,29.32,9367692,0
20120323,29.38,29.75,29.23,29.69,10155344,0
20120326,29.84,30.17,29.31,30.01,16368172,0
20120327,30.00,30.07,29.89,29.95,10661864,0
20120328,29.92,30.08,29.63,29.84,8991692,0
20120329,29.64,29.80,29.39,29.75,8690816,0
20120330,29.77,29.80,29.40,29.50,12001932,0
20120402,29.50,29.98,29.27,29.75,11777408,0
20120403,29.71,30.15,29.59,30.09,15694784,0
20120404,29.87,29.92,29.55,29.75,10308448,0
20120405,29.58,30.29,29.52,30.25,13401264,0
20120409,29.92,30.09,29.68,29.88,13298732,0
20120410,29.87,29.94,29.15,29.18,10680048,0
20120411,29.50,29.74,29.24,29.34,14171120,0
20120412,29.37,30.29,29.30,30.25,17166072,0
20120413,30.10,30.92,30.08,30.79,21497244,0
20120416,30.76,30.76,30.01,30.21,18308548,0
20120417,30.41,30.63,30.31,30.52,10328888,0
20120418,30.40,30.62,30.33,30.44,8484824,0
20120419,30.32,30.57,30.13,30.30,8525612,0
20120420,30.45,30.54,30.15,30.25,7840860,0
20120423,30.06,30.20,29.12,29.52,17350020,0
20120424,29.59,29.81,29.37,29.73,9441192,0
20120425,29.93,30.60,29.89,30.45,12150428,0
20120426,30.47,30.88,30.38,30.80,11110708,0
20120427,30.93,31.05,30.72,30.88,9787128,0
20120430,31.03,31.04,30.58,30.75,9374916,0
20120501,30.87,31.34,30.76,30.77,17182616,0
20120502,30.40,30.80,30.17,30.55,25366712,0
20120503,30.50,30.63,28.84,29.10,47838396,0
20120504,29.06,29.72,28.83,29.45,23410916,0
20120507,29.24,29.77,29.24,29.63,13476552,0
20120508,29.52,29.77,29.04,29.53,14601628,0
20120509,29.33,29.75,29.14,29.35,17678408,0
20120510,29.58,29.87,29.41,29.54,13471088,0
20120511,29.34,29.74,29.31,29.48,8139992,0
20120514,29.21,29.59,28.96,29.18,16247228,0
20120515,29.11,29.47,29.11,29.15,12589068,0
20120516,29.25,29.55,29.08,29.38,17339216,0
20120517,29.25,29.57,28.75,28.75,17822288,0
20120518,28.71,28.81,28.13,28.16,25940012,0
20120521,28.32,29.08,28.17,29.06,13272116,0
20120522,29.10,29.81,29.10,29.60,18594252,0
20120523,29.41,29.86,29.35,29.79,16557796,0
20120524,29.93,30.25,29.69,29.94,12749408,0
20120525,29.85,30.10,29.74,29.84,11779944,0
20120529,30.04,30.24,29.75,30.07,18007528,0
20120530,29.68,29.93,29.36,29.37,18354500,0
20120531,29.44,29.59,28.68,28.80,21008832,0
20120601,28.41,28.72,27.99,28.06,18661608,0
20120604,28.01,28.61,28.00,28.54,16647328,0
20120605,28.44,28.63,28.28,28.45,11375040,0
20120606,28.74,29.13,28.71,29.08,12384536,0
20120607,29.46,29.50,29.14,29.20,9158668,0
20120608,29.10,29.15,28.86,29.15,10377488,0
20120611,29.32,29.48,29.06,29.09,10943560,0
20120612,29.10,29.29,28.93,29.29,10398444,0
20120613,28.95,29.24,28.66,28.73,14890836,0
20120614,28.82,29.25,28.57,29.12,13152580,0
20120615,29.34,29.63,29.23,29.60,12568732,0
20120618,29.50,30.12,29.36,30.02,10936144,0
20120619,30.22,30.40,30.13,30.34,10269292,0
20120620,30.27,30.65,30.26,30.65,12703852,0
20120621,30.65,30.72,29.83,29.87,13061528,0
20120622,30.06,31.24,29.83,31.24,37236324,0
20120625,30.72,30.82,30.29,30.32,16163848,0
20120626,30.44,30.98,30.42,30.79,13129620,0
20120627,30.84,31.03,30.63,30.86,13768292,0
20120628,30.75,30.85,29.89,30.38,11515168,0
20120629,30.82,31.01,30.38,30.91,15931580,0
20120702,31.07,31.70,31.00,31.66,17048972,0
20120703,31.62,31.75,31.42,31.58,6369160,0
20120705,31.43,31.87,31.42,31.75,11297792,0
20120706,31.52,31.68,31.19,31.32,9630948,0
20120709,30.79,31.01,30.26,30.91,17686908,0
20120710,31.08,31.19,30.45,30.57,18204064,0
20120711,30.48,30.56,29.90,30.18,11644148,0
20120712,29.78,30.86,29.77,30.66,15067460,0
20120713,30.63,31.16,30.54,31.02,12132524,0
20120716,32.05,32.75,31.47,31.79,30607560,0
20120717,32.03,32.06,31.51,32.06,10766548,0
20120718,31.88,32.20,31.85,31.95,11903216,0
20120719,32.08,32.16,31.33,31.35,13832760,0
20120720,31.15,31.55,30.91,31.44,11817324,0
20120723,31.01,31.26,30.81,31.12,11404384,0
20120724,31.13,31.19,30.32,30.66,13512288,0
20120725,30.84,31.02,30.39,30.55,15316808,0
20120726,31.24,32.05,31.05,31.69,21038072,0
20120727,31.73,32.38,31.42,32.28,13939620,0
20120730,32.21,33.09,32.18,32.71,12652676,0
20120731,32.61,32.67,32.13,32.27,8964476,0
20120801,32.13,32.35,31.75,31.86,11611976,0
20120802,31.70,32.32,31.55,32.32,11112168,0
20120803,32.59,32.88,32.22,32.74,12934248,0
20120806,32.75,33.15,32.65,32.76,9227404,0
20120807,32.71,32.86,32.33,32.60,13179312,0
20120808,32.69,32.88,32.60,32.79,7966688,0
20120809,32.72,32.74,31.94,32.13,14204124,0
20120810,32.05,32.32,32.00,32.27,5984760,0
20120813,32.16,32.25,31.85,32.08,6453792,0
20120814,32.28,32.54,32.13,32.47,8732632,0
20120815,32.29,32.58,32.15,32.26,7735456,0
20120816,32.17,32.49,32.17,32.42,9121016,0
20120817,32.50,32.51,32.07,32.17,9582372,0
20120820,32.15,32.18,32.00,32.04,8674228,0
20120821,32.18,32.31,31.75,31.88,7605040,0
20120822,31.72,32.13,31.63,32.03,8865900,0
20120823,31.98,32.13,31.69,31.79,6999896,0
20120824,31.65,31.75,31.45,31.67,10650724,0
20120827,31.82,32.03,31.76,31.92,8820352,0
20120828,31.97,32.06,31.81,31.85,7862600,0
20120829,31.89,32.01,31.68,32.01,8583568,0
20120830,31.77,31.77,31.55,31.67,8573264,0
20120831,31.88,32.09,31.57,32.06,13788300,0
20120904,32.09,32.29,31.91,32.13,10203108,0
20120905,32.22,32.25,31.74,31.90,12698592,0
20120906,32.04,32.38,31.95,32.38,15700600,0
20120907,32.38,32.49,32.17,32.43,10789020,0
20120910,32.10,32.47,32.10,32.17,11633248,0
20120911,32.22,33.11,32.20,32.87,15890116,0
20120912,32.91,33.37,32.90,33.37,14656664,0
20120913,33.24,34.16,33.15,33.74,15749020,0
20120914,33.81,33.83,33.44,33.56,13290724,0
20120917,33.62,33.71,33.40,33.47,10648912,0
20120918,33.27,33.46,33.13,33.42,13193048,0
20120919,33.47,33.88,33.43,33.70,11977196,0
20120920,33.57,33.71,33.37,33.65,12779332,0
20120921,33.83,33.99,33.72,33.75,29237072,0
20120924,33.53,33.74,33.38,33.44,10530300,0
20120925,33.46,33.85,33.40,33.64,15398332,0
20120926,33.53,33.64,33.10,33.13,10636788,0
20120927,33.18,33.56,33.13,33.48,8432464,0
20120928,33.49,33.65,33.31,33.57,9431660,0
20121001,33.72,34.47,33.72,34.18,14702260,0
20121002,34.15,34.28,33.87,34.00,10039324,0
20121003,34.16,34.65,34.00,34.63,11717264,0
20121004,34.70,34.96,34.55,34.92,8477560,0
20121005,35.19,35.40,34.88,35.06,11280536,0
20121008,34.75,34.88,34.64,34.68,6803212,0
20121009,34.79,34.85,34.18,34.19,9979596,0
20121010,34.16,34.49,34.08,34.35,8049948,0
20121011,34.55,34.96,34.55,34.76,14060712,0
20121012,34.84,35.00,34.61,34.78,8117316,0
20121015,34.84,35.06,34.65,34.97,9695032,0
20121016,35.05,35.44,35.01,35.29,8325236,0
20121017,35.29,35.69,35.20,35.64,10125696,0
20121018,35.59,35.78,35.28,35.47,11241392,0
20121019,35.58,35.59,34.94,34.99,10135188,0
20121022,34.95,35.01,34.51,34.75,9782660,0
20121023,34.49,34.49,33.98,34.16,11923188,0
20121024,34.38,34.59,34.11,34.12,11477644,0
20121025,34.46,34.67,34.13,34.39,15875432,0
20121026,34.46,34.72,34.22,34.58,12148872,0
20121031,34.40,34.99,34.35,34.69,14307108,0
20121101,35.21,36.09,35.08,35.97,21309800,0
20121102,36.01,36.60,35.85,35.85,18498684,0
20121105,35.69,35.97,35.31,35.38,13863972,0
20121106,35.62,36.21,35.47,35.97,9090012,0
20121107,35.63,35.90,35.38,35.64,10437420,0
20121108,35.54,35.81,35.47,35.51,10134436,0
20121109,35.23,35.95,35.07,35.73,11800096,0
20121112,35.51,35.94,35.51,35.81,8946216,0
20121113,35.65,36.20,35.61,35.61,10149084,0
20121114,35.65,35.81,34.91,34.99,13607996,0
20121115,35.00,35.12,34.63,35.00,13718476,0
20121116,35.01,35.89,35.01,35.68,16632680,0
20121119,36.00,36.42,35.92,36.41,15120368,0
20121120,36.38,36.85,36.29,36.58,9566364,0
20121121,36.56,36.72,36.44,36.67,6566360,0
20121123,36.83,37.03,36.60,37.03,4454092,0
20121126,36.90,36.90,36.60,36.81,8623464,0
20121127,36.78,36.96,36.58,36.69,9981656,0
20121128,36.51,36.84,36.47,36.82,10358124,0
20121129,36.98,37.08,36.81,37.04,12572744,0
20121130,37.08,37.48,37.00,37.43,14048868,0
20121203,37.50,37.68,37.11,37.16,11737292,0
20121204,37.24,37.31,36.80,36.90,9101032,0
20121205,37.13,37.13,36.53,37.01,11970844,0
20121206,37.11,37.22,36.76,37.12,9124432,0
20121207,37.28,37.32,36.95,37.14,7556836,0
20121210,37.19,37.32,37.07,37.17,9296352,0
20121211,37.10,37.58,37.10,37.22,14491608,0
20121212,37.42,37.45,36.96,36.97,18320360,0
20121213,37.03,37.28,36.72,36.80,13044464,0
20121214,36.72,36.92,36.56,36.71,9579168,0
20121217,36.74,37.28,36.72,37.28,13904816,0
20121218,37.25,37.89,37.17,37.68,11871140,0
20121219,37.70,37.71,37.29,37.29,8640048,0
20121220,37.47,38.13,37.33,38.12,10866944,0
20121221,37.74,37.99,37.49,37.69,13932684,0
20121224,37.56,37.90,37.56,37.79,3273284,0
20121226,37.82,37.82,37.30,37.44,7614196,0
20121227,37.42,37.66,36.97,37.35,11977816,0
20121228,37.12,37.48,37.06,37.16,6977212,0
20121231,37.09,37.90,37.09,37.90,12868984,0
20130102,38.54,38.99,38.48,38.85,15828004,0
20130103,39.28,39.52,38.71,38.88,14939264,0
20130104,38.90,39.30,38.69,39.19,10377896,0
20130107,39.24,39.69,39.20,39.47,10242752,0
20130108,39.41,39.84,39.25,39.84,11802724,0
20130109,40.35,40.64,39.93,40.45,17555176,0
20130110,40.51,40.69,39.82,40.13,16314264,0
20130111,39.94,40.31,39.88,40.29,9579236,0
20130114,40.32,40.45,39.89,40.16,8877296,0
20130115,39.96,40.16,39.77,40.11,6695676,0
20130116,40.03,40.19,39.83,40.05,5465376,0
20130117,40.25,40.27,39.90,39.97,7837064,0
20130118,39.63,39.63,39.13,39.57,13813108,0
20130122,39.67,39.92,39.44,39.76,6918060,0
20130123,39.57,39.99,39.52,39.76,7113092,0
20130124,39.83,40.04,39.72,39.89,6793812,0
20130125,39.98,40.03,39.76,39.96,6700540,0
20130128,40.07,40.15,39.08,39.09,13531656,0
20130129,38.94,39.27,38.78,39.17,11663840,0
20130130,39.25,39.77,38.69,38.75,18710704,0
20130131,39.75,39.88,39.09,39.48,16691520,0
20130201,39.75,39.87,39.34,39.64,12745688,0
20130204,39.44,39.60,39.14,39.16,10532236,0
20130205,39.40,39.90,39.20,39.88,11107272,0
20130206,39.81,40.22,39.65,40.21,15070020,0
20130207,39.74,39.95,39.24,39.26,20189308,0
20130208,39.35,39.74,39.28,39.45,12914440,0
20130211,39.40,39.54,38.99,39.08,11032532,0
20130212,39.21,39.42,39.10,39.20,9805312,0
20130213,39.11,39.35,38.53,38.69,13917920,0
20130214,38.65,39.16,38.58,38.99,12760768,0
20130215,39.09,39.52,38.94,39.50,17896368,0
20130219,39.50,39.70,39.17,39.40,13210480,0
20130220,39.28,39.40,38.80,38.85,15689608,0
20130221,38.78,39.57,38.70,39.36,14220580,0
20130222,39.58,39.90,39.17,39.86,11740204,0
20130225,39.80,40.09,38.97,38.97,11184804,0
20130226,39.00,39.65,39.00,39.46,11355204,0
20130227,39.36,40.03,39.33,39.97,8317656,0
20130228,40.08,40.08,39.58,39.66,11238504,0
20130301,39.48,39.72,39.16,39.52,13213316,0
20130304,39.44,39.88,39.39,39.88,6570120,0
20130305,40.02,40.44,39.97,40.07,10274248,0
20130306,40.22,40.42,40.05,40.26,7516324,0
20130307,40.22,40.44,39.91,40.13,8692988,0
20130308,40.33,40.35,39.97,40.17,9574764,0
20130311,40.34,40.40,40.10,40.29,6742584,0
20130312,40.17,40.24,39.76,39.95,8341308,0
20130313,39.88,40.10,39.71,39.84,11021416,0
20130314,39.85,40.27,39.83,40.17,14860760,0
20130315,40.01,40.16,39.63,39.64,17615660,0
20130318,39.32,39.79,39.10,39.52,15163892,0
20130319,39.50,39.84,38.92,39.00,17652148,0
20130320,39.25,39.99,39.18,39.83,16070016,0
20130321,39.61,39.93,39.45,39.45,14887956,0
20130322,39.55,40.04,39.43,40.02,18790056,0
20130325,40.19,41.07,40.13,41.00,19339340,0
20130326,41.22,41.94,41.13,41.87,17267992,0
20130327,41.65,42.31,41.38,42.17,13372044,0
20130328,42.19,42.74,42.03,42.46,12460828,0
20130401,42.44,42.75,41.73,41.84,13236436,0
20130402,42.10,42.22,41.83,41.99,9581752,0
20130403,42.10,42.13,41.07,41.19,16624688,0
20130404,41.35,41.63,41.25,41.62,8903828,0
20130405,41.05,41.35,40.90,41.29,7964588,0
20130408,41.41,41.59,41.12,41.57,6126112,0
20130409,41.71,41.72,41.00,41.19,6005468,0
20130410,41.24,41.83,41.24,41.75,8999336,0
20130411,41.75,41.97,41.56,41.90,6589836,0
20130412,41.48,41.71,41.28,41.44,7076436,0
20130415,41.15,41.22,40.32,40.32,10774148,0
20130416,40.66,41.20,40.63,41.18,10096152,0
20130417,40.94,41.01,40.49,40.56,9544340,0
20130418,40.65,40.85,40.32,40.35,21011424,0
20130419,40.52,41.03,40.44,40.99,7621504,0
20130422,40.89,41.09,40.62,40.88,5403332,0
20130423,41.07,41.42,40.88,41.42,6325276,0
20130424,41.42,41.89,41.40,41.76,7448796,0
20130425,41.98,42.62,41.86,42.19,9337780,0
20130426,42.19,42.40,41.78,41.81,6127132,0
20130429,41.93,42.13,41.79,41.97,10694568,0
20130430,42.15,42.47,42.01,42.12,12167480,0
20130501,41.75,42.06,40.90,41.51,12280504,0
20130502,42.50,44.92,42.50,43.85,30681440,0
20130503,44.24,45.21,44.11,44.88,15026756,0
20130506,44.83,45.19,44.53,44.72,13101464,0
20130507,44.87,44.97,44.31,44.95,11876096,0
20130508,44.87,44.88,44.43,44.81,14448868,0
20130509,44.81,44.97,44.56,44.65,11500984,0
20130510,44.67,44.76,44.39,44.69,13840184,0
20130513,44.65,45.11,44.53,44.73,12481684,0
20130514,44.74,45.37,44.66,45.08,16077024,0
20130515,45.00,45.45,44.92,45.44,13624252,0
20130516,45.44,45.44,44.94,44.95,9914028,0
20130517,45.22,46.15,45.13,46.14,13251152,0
20130520,45.98,46.22,45.20,45.40,21196532,0
20130521,45.38,45.67,45.10,45.39,13429516,0
20130522,45.52,46.10,45.03,45.03,19567044,0
20130523,44.60,44.88,44.28,44.53,16905792,0
20130524,44.47,45.28,44.22,45.11,12306180,0
20130528,45.61,45.63,44.92,45.01,9936096,0
20130529,44.81,45.05,44.52,44.53,7490012,0
20130530,44.58,45.50,44.58,45.26,9627728,0
20130531,45.14,45.35,44.53,44.53,12511636,0
20130603,44.69,45.17,44.38,45.05,15232636,0
20130604,44.85,45.44,44.67,45.05,13313224,0
20130605,44.97,45.05,44.22,44.31,12170548,0
20130606,44.17,44.85,44.10,44.84,14665924,0
20130607,45.16,45.25,44.89,44.99,13899216,0
20130610,45.13,45.78,44.91,45.58,13786212,0
20130611,45.14,45.49,44.89,44.92,7857976,0
20130612,45.16,45.16,44.68,44.79,9996024,0
20130613,44.79,45.69,44.68,45.56,9763216,0
20130614,45.51,45.62,45.03,45.23,7426984,0
20130617,45.58,45.93,45.38,45.59,14780192,0
20130618,45.43,46.31,45.43,46.00,7580044,0
20130619,46.06,46.28,45.63,45.66,12227912,0
20130620,45.38,45.62,44.62,44.62,15537800,0
20130621,45.00,45.38,44.70,44.88,17925092,0
20130624,44.53,44.87,43.92,44.57,15530764,0
20130625,44.95,45.35,44.63,45.12,12722504,0
20130626,45.47,45.78,45.12,45.66,10393464,0
20130627,45.86,46.25,45.63,46.06,11102128,0
20130628,46.06,46.18,45.56,45.69,12658668,0
20130701,45.97,46.87,45.91,46.31,11615672,0
20130702,46.27,46.76,46.07,46.31,8754960,0
20130703,46.04,46.86,45.98,46.76,4532928,0
20130705,47.22,47.72,46.88,47.70,8508248,0
20130708,47.90,48.19,47.01,47.03,19594740,0
20130709,47.24,47.38,46.65,46.80,23336436,0
20130710,46.84,46.95,46.45,46.67,15528328,0
20130711,47.33,47.51,46.88,47.49,14237072,0
20130712,47.47,47.68,47.29,47.68,7792640,0
20130715,47.88,47.96,47.45,47.56,14529368,0
20130716,47.55,47.68,47.17,47.35,7520096,0
20130717,47.11,47.49,47.03,47.41,11118004,0
20130718,47.55,47.85,47.49,47.75,5938964,0
20130719,47.77,48.00,47.35,47.48,9051628,0
20130722,47.55,47.83,47.31,47.79,7932144,0
20130723,47.68,47.87,47.13,47.15,11712060,0
20130724,47.45,47.46,46.42,46.69,14009708,0
20130725,47.75,49.00,47.75,48.65,21922972,0
20130726,48.50,48.65,47.96,48.30,8710824,0
20130729,48.22,48.37,47.81,47.99,5776980,0
20130730,48.17,48.30,47.79,47.86,13918784,0
20130731,48.44,48.72,42.75,44.25,90073336,0
20130801,45.44,45.44,43.32,44.79,74287928,0
20130802,45.40,46.02,45.21,46.00,21698684,0
20130805,46.00,46.28,45.70,46.13,11481012,0
20130806,46.05,46.08,45.21,45.72,19987732,0
20130807,45.35,45.50,44.97,45.35,15569884,0
20130808,45.60,45.64,44.98,45.19,9628304,0
20130809,45.20,45.34,44.89,44.95,10029272,0
20130812,44.85,44.99,44.60,44.94,13623668,0
20130813,45.13,45.16,44.67,44.81,11408280,0
20130814,44.88,45.37,44.59,44.59,15339828,0
20130815,44.36,44.37,43.36,43.48,17289260,0
20130816,43.43,43.68,43.09,43.28,12614440,0
20130819,43.08,44.22,43.05,43.74,11982012,0
20130820,43.65,43.82,43.22,43.31,14144724,0
20130821,43.31,45.38,43.13,44.60,30940940,0
20130822,44.91,45.36,44.26,44.73,10588888,0
20130823,45.10,45.15,44.40,44.78,9808984,0
20130826,44.87,44.87,43.74,43.75,13788820,0
20130827,43.24,43.77,43.14,43.54,12768044,0
20130828,43.34,43.95,43.34,43.80,15672060,0
20130829,43.78,44.32,43.70,43.84,9404832,0
20130830,43.85,43.88,43.45,43.60,9886588,0
20130903,44.01,44.60,43.81,44.26,12551628,0
20130904,44.22,44.47,43.81,44.05,9753136,0
20130905,44.03,44.17,43.81,44.05,7408420,0
20130906,44.08,44.47,43.76,44.17,6697464,0
20130909,44.32,44.66,44.32,44.64,10802716,0
20130910,45.60,46.16,45.33,46.15,19511076,0
20130911,46.25,46.63,45.73,46.58,11016192,0
20130912,46.61,46.95,46.26,46.26,14211652,0
20130913,46.37,47.33,46.30,47.25,16406604,0
20130916,47.74,47.77,47.22,47.35,12593680,0
20130917,47.33,47.97,47.14,47.90,10434476,0
20130918,47.60,48.50,47.54,48.41,10477392,0
20130919,48.63,49.50,48.50,48.68,14977648,0
20130920,48.83,49.71,48.47,49.71,57727288,0
20130923,49.49,50.22,49.00,49.06,19552104,0
20130924,49.06,49.20,48.15,48.33,15296164,0
20130925,48.32,48.50,47.67,47.89,10601924,0
20130926,48.11,48.63,47.92,48.39,9333556,0
20130927,48.00,48.43,47.95,48.26,7258448,0
20130930,47.70,47.99,47.56,47.78,9584792,0
20131001,47.82,48.40,47.52,48.31,9387816,0
20131002,47.97,48.25,47.75,47.96,8731764,0
20131003,48.00,48.03,46.94,47.16,19671908,0
20131004,47.16,47.79,47.00,47.62,9367604,0
20131007,46.99,46.99,46.58,46.58,11800892,0
20131008,46.56,47.10,45.63,45.63,16064948,0
20131009,45.85,46.17,45.03,45.96,13464524,0
20131010,46.49,47.28,46.39,47.26,10880432,0
20131011,47.20,48.05,46.88,48.05,11915252,0
20131014,47.59,48.45,47.51,48.36,8922368,0
20131015,48.26,48.60,47.84,47.84,10584416,0
20131016,48.10,48.95,47.96,48.91,10414396,0
20131017,48.92,49.69,48.87,49.57,12616212,0
20131018,49.68,50.25,49.24,50.11,14388264,0
20131021,50.26,50.42,49.81,50.01,11528652,0
20131022,50.01,50.67,49.88,49.99,12203564,0
20131023,49.67,49.78,49.29,49.72,7480304,0
20131024,49.97,50.85,49.90,50.73,8895348,0
20131025,50.94,50.97,50.38,50.76,11019040,0
20131028,50.89,51.13,50.61,50.77,6878116,0
20131029,50.87,51.31,50.87,51.06,8603096,0
20131030,51.22,51.22,50.41,50.96,11946580,0
20131031,49.26,49.72,48.56,49.17,24035368,0
20131101,49.74,50.24,49.63,49.79,13248728,0
20131104,49.92,50.00,49.05,49.10,11093332,0
20131105,48.85,49.49,48.75,49.34,11084068,0
20131106,49.69,50.05,49.35,49.76,8878816,0
20131107,49.99,50.09,49.03,49.03,10834384,0
20131108,48.94,49.61,48.94,49.57,11462368,0
20131111,49.66,49.92,49.55,49.82,8387620,0
20131112,49.70,49.79,49.21,49.57,9016572,0
20131113,49.16,49.94,49.13,49.94,8201824,0
20131114,49.98,50.06,49.69,50.04,10909500,0
20131115,49.94,50.63,49.94,50.50,12391592,0
20131118,50.50,50.68,49.82,49.97,16382268,0
20131119,50.09,50.10,49.21,49.35,14462624,0
20131120,49.44,50.05,49.42,49.53,10197220,0
20131121,49.82,50.50,49.36,50.40,12792332,0
20131122,50.42,50.58,49.96,50.53,8151780,0
20131125,50.63,50.66,50.33,50.48,6742700,0
20131126,50.67,50.90,50.40,50.88,11255140,0
20131127,50.88,51.21,50.76,51.00,5939516,0
20131129,51.13,51.27,50.87,50.87,4139016,0
20131202,51.03,51.62,51.03,51.28,8761892,0
20131203,49.98,50.65,49.98,50.44,17060036,0
20131204,50.44,50.83,50.27,50.69,11762160,0
20131205,50.55,50.74,50.38,50.43,13260616,0
20131206,50.92,50.96,50.25,50.47,9109456,0
20131209,50.44,50.67,50.34,50.40,12671312,0
20131210,50.23,50.42,49.86,49.86,15669324,0
20131211,50.25,51.98,50.25,51.42,40328072,0
20131212,51.24,51.41,50.63,50.86,11469228,0
20131213,51.13,52.00,50.98,51.84,17687056,0
20131216,52.01,52.64,51.82,52.06,14793864,0
20131217,52.15,53.45,51.96,53.31,20681576,0
20131218,53.28,53.87,52.50,53.84,16147084,0
20131219,53.73,54.47,53.63,54.02,13401868,0
20131220,54.18,54.55,53.97,53.99,23267296,0
20131223,54.25,54.71,54.14,54.51,8015428,0
20131224,54.62,54.90,54.26,54.68,5207644,0
20131226,54.75,55.06,54.75,55.05,4898860,0
20131227,55.25,55.35,54.79,54.92,5243000,0
20131230,55.15,55.40,54.92,55.23,5940188,0
20131231,55.38,55.68,55.26,55.67,6453264,0
20140102,55.38,55.51,54.88,55.25,10668220,0
20140103,55.44,55.62,55.06,55.29,7809816,0
20140106,55.29,55.58,54.90,54.96,8579560,0
20140107,55.19,55.53,55.12,55.38,8180204,0
20140108,55.35,55.75,55.16,55.56,8487180,0
20140109,55.89,56.13,55.42,55.48,8451228,0
20140110,55.46,55.68,55.00,55.28,6430904,0
20140113,55.51,56.05,54.65,54.72,13554716,0
20140114,54.69,55.66,54.58,55.66,10851728,0
20140115,55.71,56.22,55.46,55.94,11288588,0
20140116,55.80,55.94,55.32,55.44,13516640,0
20140117,55.51,58.06,55.51,58.04,38361740,0
20140121,58.60,58.88,57.71,57.98,19770128,0
20140122,58.10,58.46,57.92,58.25,7254812,0
20140123,57.92,58.08,56.92,57.06,13664840,0
20140124,56.60,56.74,55.31,55.31,16094744,0
20140127,55.52,55.52,53.78,54.06,19487536,0
20140128,54.40,55.59,54.35,55.24,17866884,0
20140129,54.78,55.19,54.13,54.28,16824676,0
20140130,56.44,56.50,54.08,55.22,20050324,0
20140131,54.03,54.72,53.78,53.86,24471584,0
20140203,54.13,54.46,53.02,53.37,21743148,0
20140204,53.54,53.97,52.85,53.63,14915444,0
20140205,53.31,54.19,53.28,53.90,13523608,0
20140206,54.02,54.75,53.94,54.75,12728848,0
20140207,55.05,55.50,54.62,55.44,12580416,0
20140210,55.47,55.53,55.00,55.14,10318436,0
20140211,55.28,55.72,55.01,55.58,9817868,0
20140212,55.86,56.22,55.72,56.04,14656320,0
20140213,55.71,56.19,55.62,56.01,13158980,0
20140214,56.07,56.56,55.88,56.50,12745548,0
20140218,56.62,57.12,56.40,56.51,13428924,0
20140219,56.47,56.95,55.92,55.97,9342232,0
20140220,56.04,56.24,55.65,55.87,8810584,0
20140221,55.93,56.17,55.74,55.84,9137596,0
20140224,55.93,56.86,55.87,56.55,10879264,0
20140225,56.55,57.11,56.37,56.78,11341748,0
20140226,56.81,56.97,56.31,56.53,10413568,0
20140227,56.55,56.95,56.40,56.57,8106904,0
20140228,56.62,57.00,55.17,56.49,14006976,0
20140303,55.81,56.01,54.90,55.36,16438164,0
20140304,56.29,56.49,55.65,56.38,14939076,0
20140305,56.40,56.45,55.58,55.70,11329892,0
20140306,55.94,56.52,55.83,55.97,9125960,0
20140307,56.24,56.43,55.88,56.39,8971584,0
20140310,56.38,56.59,56.18,56.38,7355232,0
20140311,56.49,57.10,56.16,56.79,11065384,0
20140312,56.53,56.92,56.32,56.53,9400596,0
20140313,56.67,56.87,55.11,55.19,11996536,0
20140314,55.15,55.48,54.64,55.19,13696284,0
20140317,55.50,55.97,55.35,55.94,8809800,0
20140318,56.15,56.69,55.81,56.60,8304828,0
20140319,56.65,56.77,55.50,55.96,7888832,0
20140320,56.03,56.03,55.23,55.46,11890688,0
20140321,55.74,58.17,54.92,55.84,38097696,0
20140324,56.35,56.56,54.78,55.19,18236012,0
20140325,55.55,55.76,54.60,54.60,11678368,0
20140326,54.99,55.05,53.92,53.92,10667356,0
20140327,53.72,54.04,53.26,53.94,10523928,0
20140328,53.62,54.08,52.63,53.02,14949844,0
20140331,53.20,53.97,52.92,53.97,11639284,0
20140401,54.27,54.54,53.64,53.67,9092024,0
20140402,53.69,54.13,53.34,53.67,9344736,0
20140403,53.95,54.07,53.35,53.75,14227788,0
20140404,53.89,53.93,51.44,51.92,24484052,0
20140407,51.69,51.86,50.26,50.85,40159600,0
20140408,50.71,51.48,50.50,50.65,21756416,0
20140409,51.15,51.94,50.65,51.88,19166028,0
20140410,52.06,52.27,50.04,50.39,20432336,0
20140411,49.81,50.00,48.71,49.16,29940648,0
20140414,49.95,50.49,49.50,50.25,20953096,0
20140415,50.96,51.24,49.79,51.01,19233132,0
20140416,51.75,52.39,51.37,52.34,15832712,0
20140417,52.58,52.88,51.99,51.99,13379428,0
20140421,52.24,52.38,52.10,52.28,10024080,0
20140422,52.33,52.65,52.13,52.49,9840268,0
20140423,52.58,52.58,52.00,52.21,8823036,0
20140424,52.45,52.63,51.90,52.35,13547036,0
20140425,50.00,50.95,49.64,49.73,38252420,0
20140428,49.88,50.48,49.75,50.35,24263088,0
20140429,50.47,51.01,50.45,50.67,12761224,0
20140430,50.56,50.91,50.47,50.65,12146640,0
20140501,51.03,51.83,50.84,51.52,14273132,0
20140502,51.44,51.78,51.00,51.10,10909288,0
20140505,50.94,51.97,50.75,51.78,13794736,0
20140506,51.67,51.76,51.30,51.34,10873108,0
20140507,51.75,52.25,51.11,52.17,14733460,0
20140508,52.23,53.03,52.15,52.72,14613708,0
20140509,52.54,52.72,52.04,52.70,11795560,0
20140512,52.77,53.12,52.76,52.92,8732816,0
20140513,53.00,53.17,52.85,53.01,7137552,0
20140514,52.80,52.97,52.47,52.47,6852788,0
20140515,52.25,52.42,51.60,51.86,12698028,0
20140516,51.90,52.52,51.90,52.45,12283908,0
20140519,52.35,52.74,52.21,52.59,7039712,0
20140520,52.58,52.58,51.85,51.98,8752780,0
20140521,52.21,52.67,52.15,52.53,9096584,0
20140522,52.53,52.57,52.17,52.34,16870016,0
20140523,52.50,53.07,52.43,53.02,11128052,0
20140527,53.25,53.63,53.21,53.63,9677532,0
20140528,53.63,53.63,53.25,53.45,7223280,0
20140529,53.50,53.67,53.38,53.67,5260332,0
20140530,53.97,53.99,53.33,53.71,6142704,0
20140602,53.84,53.92,53.21,53.38,6383700,0
20140603,53.26,53.31,52.70,52.83,9011896,0
20140604,52.79,52.86,52.36,52.86,12601292,0
20140605,53.03,53.13,52.65,53.06,6597612,0
20140606,53.13,53.35,52.90,53.25,10002916,0
20140609,53.37,53.50,52.91,53.15,4511756,0
20140610,53.25,53.69,53.19,53.56,5761980,0
20140611,53.25,53.48,53.03,53.17,5695396,0
20140612,53.10,53.29,52.81,52.94,6218044,0
20140613,52.97,53.02,52.71,52.82,7085204,0
20140616,52.72,52.75,52.49,52.56,7909296,0
20140617,52.53,52.98,52.47,52.70,5728516,0
20140618,52.61,52.81,52.26,52.81,10332768,0
20140619,52.87,53.04,52.01,52.58,15331316,0
20140620,52.88,53.03,52.28,52.37,18371640,0
20140623,52.25,52.45,52.04,52.37,14765224,0
20140624,52.32,52.65,51.85,51.95,13101672,0
20140625,51.83,52.62,51.83,52.26,8256540,0
20140626,52.46,52.47,51.89,52.24,8580608,0
20140627,52.03,52.47,51.96,52.32,12961296,0
20140630,52.17,52.94,52.13,52.68,9985672,0
20140701,52.99,53.84,52.96,53.56,10995284,0
20140702,53.72,53.87,53.56,53.71,5780668,0
20140703,53.83,54.25,53.78,54.13,5571640,0
20140707,54.11,54.39,53.91,54.19,6634548,0
20140708,54.19,54.22,53.29,53.81,12158064,0
20140709,53.88,54.07,53.63,54.04,5178168,0
20140710,53.45,54.22,53.17,53.88,8536704,0
20140711,53.99,54.26,53.59,54.25,5715920,0
20140714,54.69,55.59,54.41,55.26,13725012,0
20140715,55.42,56.19,55.23,55.44,10902016,0
20140716,55.74,55.79,55.27,55.67,8854088,0
20140717,55.49,55.50,54.46,54.47,9832240,0
20140718,54.79,55.47,54.73,55.05,11083592,0
20140721,54.88,55.03,54.63,54.81,6175328,0
20140722,55.23,55.65,55.15,55.31,7699120,0
20140723,55.37,55.63,55.17,55.30,8198896,0
20140724,55.85,55.96,55.46,55.69,11947576,0
20140725,53.53,54.17,52.83,53.69,27530272,0
20140728,53.60,53.74,53.28,53.56,10405248,0
20140729,53.60,53.93,53.33,53.38,10581464,0
20140730,53.37,53.70,53.36,53.51,10435520,0
20140731,53.32,53.34,52.75,52.75,13875508,0
20140801,52.47,53.26,52.44,52.95,14100508,0
20140804,53.21,53.29,52.88,53.04,8089004,0
20140805,52.88,53.10,52.29,52.63,11151220,0
20140806,52.49,52.85,52.45,52.67,7528464,0
20140807,52.79,52.86,52.15,52.26,9586516,0
20140808,52.22,52.64,52.05,52.62,9272652,0
20140811,52.76,52.80,52.51,52.65,9029432,0
20140812,52.52,52.80,52.36,52.58,6442016,0
20140813,52.74,53.03,52.62,52.86,6458052,0
20140814,53.02,53.15,52.83,53.13,7136780,0
20140815,53.22,53.33,52.48,52.55,8999448,0
20140818,52.87,53.61,52.82,53.58,8365424,0
20140819,53.69,53.92,53.53,53.75,8220116,0
20140820,53.65,54.11,53.61,54.05,7296988,0
20140821,54.13,54.24,53.93,53.94,5552508,0
20140822,54.05,54.24,53.83,54.02,7163140,0
20140825,54.30,54.33,53.96,54.01,4963256,0
20140826,54.12,54.50,54.04,54.18,6943976,0
20140827,54.28,54.38,53.82,54.28,8035580,0
20140828,53.75,53.94,53.44,53.65,11083456,0
20140829,53.64,53.75,53.03,53.13,14646068,0
20140902,53.35,53.74,53.18,53.68,8077416,0
20140903,53.77,54.04,53.58,53.72,7788888,0
20140904,53.86,54.03,53.50,53.56,9492552,0
20140905,53.59,53.59,53.28,53.55,8202964,0
20140908,53.50,54.06,53.38,53.94,10275216,0
20140909,53.82,53.87,53.50,53.57,7328820,0
20140910,53.52,54.66,53.51,54.22,12646876,0
20140911,54.17,54.19,53.61,53.74,8873840,0
20140912,53.72,53.94,53.19,53.51,8710976,0
20140915,53.46,53.90,53.46,53.66,7039100,0
20140916,53.73,54.44,53.41,54.33,9212124,0
20140917,54.25,54.37,53.42,53.88,12327612,0
20140918,53.98,54.17,53.79,54.11,9228532,0
20140919,54.42,54.54,53.87,54.06,20475552,0
20140922,54.24,54.24,53.44,53.47,9079768,0
20140923,53.47,53.47,53.12,53.12,7963564,0
20140924,53.19,53.75,53.06,53.60,8339704,0
20140925,53.51,53.57,52.61,52.68,11732268,0
20140926,52.86,53.05,52.64,52.99,7179304,0
20140929,52.55,52.87,52.28,52.73,8788964,0
20140930,52.79,53.51,52.76,53.34,11464748,0
20141001,53.21,53.45,52.44,52.50,11687260,0
20141002,52.25,52.50,51.95,52.43,11412336,0
20141003,52.76,53.08,52.54,53.00,9966504,0
20141006,53.15,53.29,52.92,52.95,8937896,0
20141007,52.70,52.77,51.96,52.01,8950228,0
20141008,52.01,53.13,51.92,53.09,14039212,0
20141009,53.05,53.05,51.90,51.93,10997968,0
20141010,51.97,52.39,51.24,51.24,11750448,0
20141013,51.13,51.94,50.93,51.07,12203956,0
20141014,51.10,51.47,50.61,50.68,14018232,0
20141015,50.22,50.49,49.24,50.06,19668072,0
20141016,49.27,50.80,48.80,50.75,15625440,0
20141017,51.21,51.64,50.89,51.50,12731560,0
20141020,51.38,52.05,51.28,51.96,7634840,0
20141021,52.44,53.35,51.97,53.33,12985940,0
20141022,53.32,53.49,52.69,52.73,11042152,0
20141023,53.47,53.97,53.17,53.57,9729692,0
20141024,53.41,53.54,52.97,53.37,10903724,0
20141027,53.26,53.68,53.05,53.35,6658908,0
20141028,53.65,54.22,53.51,54.18,10517288,0
20141029,54.08,54.60,53.44,53.67,16095252,0
20141030,57.13,59.82,57.01,59.16,50857784,0
20141031,59.32,60.63,59.32,60.36,24956304,0
20141103,60.24,60.80,59.75,60.38,12726516,0
20141104,59.91,60.75,59.78,60.74,16644508,0
20141105,61.04,63.08,61.00,62.38,21939764,0
20141106,62.38,62.72,61.88,62.52,13212028,0
20141107,62.53,63.11,62.26,63.11,9507780,0
20141110,62.99,63.10,62.13,62.55,13145396,0
20141111,62.29,62.47,62.04,62.43,8467776,0
20141112,62.21,63.04,62.08,62.99,10897364,0
20141113,63.10,63.10,62.40,62.73,12473228,0
20141114,62.78,62.79,62.18,62.21,8532652,0
20141117,62.15,62.86,62.04,62.45,9876892,0
20141118,62.45,62.93,62.27,62.43,7648780,0
20141119,62.56,62.71,61.80,62.47,6642908,0
20141120,61.88,62.97,61.88,62.92,6703860,0
20141121,63.78,64.14,63.21,63.56,11886820,0
20141124,63.75,63.81,63.40,63.65,10724816,0
20141125,63.84,64.50,63.71,64.32,12966300,0
20141126,64.37,64.74,63.90,64.32,7978696,0
20141128,64.65,64.88,64.47,64.55,5186708,0
20141201,64.07,65.16,64.07,64.54,10925548,0
20141202,64.79,65.06,64.56,65.00,8535316,0
20141203,64.91,65.47,64.67,65.40,9382216,0
20141204,65.52,65.56,65.01,65.29,7403544,0
20141205,65.41,65.87,65.25,65.84,7837856,0
20141208,65.88,66.41,65.63,65.78,12342300,0
20141209,64.88,66.18,64.88,66.04,10454000,0
20141210,65.94,66.21,65.25,65.43,8551652,0
20141211,65.74,66.39,65.63,65.78,13383756,0
20141212,65.13,66.11,64.19,64.19,15338560,0
20141215,64.54,64.71,63.27,64.18,12831172,0
20141216,63.23,64.61,63.09,63.35,12050340,0
20141217,63.53,64.89,63.42,64.77,9726832,0
20141218,65.46,66.11,65.29,66.04,10318072,0
20141219,65.84,66.14,65.35,65.42,15563548,0
20141222,65.61,66.08,65.51,66.05,5703328,0
20141223,66.25,66.61,66.01,66.32,5539252,0
20141224,66.37,67.21,66.35,66.91,5237588,0
20141226,66.91,67.33,66.65,66.65,4768856,0
20141229,66.62,66.93,66.26,66.36,5262444,0
20141230,66.28,66.35,65.77,66.14,4781420,0
20141231,66.37,66.81,65.54,65.55,6032496,0
20150102,65.85,66.69,65.62,66.25,8394080,0
20150105,65.87,65.87,64.72,64.79,12751200,0
20150106,64.95,65.19,63.71,64.38,11070492,0
20150107,64.61,65.29,64.36,65.24,9346840,0
20150108,65.80,66.28,65.66,66.11,10443656,0
20150109,65.90,66.12,64.94,65.13,10523504,0
20150112,65.26,65.50,64.79,65.00,6425516,0
20150113,65.50,66.45,64.78,65.19,10283952,0
20150114,64.16,64.65,63.53,63.89,12225292,0
20150115,64.18,64.37,63.09,63.28,10584704,0
20150116,62.97,63.78,62.88,63.74,11137144,0
20150120,64.06,64.92,63.56,64.21,14933704,0
20150121,64.04,64.91,63.63,64.32,9784004,0
20150122,63.86,64.75,63.34,64.40,11565944,0
20150123,64.63,65.16,64.54,64.57,6166604,0
20150126,64.24,64.32,63.45,64.13,8552504,0
20150127,63.45,63.45,62.15,62.75,11027748,0
20150128,63.13,63.25,61.58,61.59,11430860,0
20150129,61.88,62.20,61.29,62.00,15668440,0
20150130,65.10,65.90,63.73,63.73,22151504,0
20150202,64.08,64.08,62.42,63.83,13667040,0
20150203,64.18,65.11,63.69,64.95,15075516,0
20150204,64.90,66.68,64.78,66.22,22170932,0
20150205,66.81,67.95,66.47,67.95,16565612,0
20150206,67.94,68.11,66.51,66.86,11241908,0
20150209,66.85,67.08,66.32,66.36,7834464,0
20150210,66.69,66.97,65.91,66.14,9396996,0
20150211,66.25,66.57,66.06,66.50,8795424,0
20150212,66.90,67.73,66.76,67.73,11641792,0
20150213,68.19,68.19,67.19,67.41,8477504,0
20150217,67.87,68.00,67.47,67.72,6811388,0
20150218,67.72,67.75,67.04,67.28,6429320,0
20150219,67.52,67.52,67.00,67.28,5654804,0
20150220,67.26,68.25,66.76,68.25,9034712,0
20150223,68.24,68.33,67.56,68.25,6654672,0
20150224,68.45,68.45,67.79,68.12,9049176,0
20150225,67.82,68.56,67.82,68.25,6842864,0
20150226,68.30,68.63,68.00,68.44,13459712,0
20150227,68.37,68.55,67.83,67.83,7965388,0
20150302,69.18,69.57,68.61,69.57,11653460,0
20150303,69.66,69.66,68.38,68.82,8807124,0
20150304,68.79,68.79,68.06,68.44,8021344,0
20150305,68.75,68.79,68.44,68.53,6756076,0
20150306,68.35,68.62,67.31,67.33,11590692,0
20150309,67.63,68.05,67.27,67.86,8903900,0
20150310,67.41,67.46,66.30,66.30,11125520,0
20150311,66.41,66.85,65.76,66.19,12105228,0
20150312,66.60,67.50,66.57,67.39,9530808,0
20150313,67.21,67.21,66.13,66.26,12583356,0
20150316,66.72,67.51,66.66,67.25,9849580,0
20150317,67.01,67.09,66.04,66.13,14290636,0
20150318,66.02,67.00,64.75,66.92,50657992,0
20150319,66.83,67.19,65.75,66.81,13811356,0
20150320,67.25,67.70,66.78,67.41,15372026,0
20150323,68.03,68.21,67.07,67.08,8128038,0
20150324,67.10,67.69,66.84,67.10,6534817,0
20150325,67.10,67.43,65.73,65.73,13054254,0
20150326,65.25,66.30,65.02,65.59,9487207,0
20150327,65.52,65.81,65.15,65.54,6521105,0
20150330,66.02,66.32,65.50,65.66,11237071,0
20150331,65.47,66.21,65.39,65.41,7400471,0
20150401,65.45,65.52,64.45,65.18,7632997,0
20150402,64.99,65.62,64.81,65.29,5083011,0
20150406,64.73,65.64,64.41,65.20,8351174,0
20150407,65.38,66.19,65.31,65.80,6660777,0
20150408,65.89,66.84,65.80,66.50,6604178,0
20150409,66.57,66.82,65.76,66.44,5408457,0
20150410,66.69,66.69,65.93,66.34,4628805,0
20150413,66.22,66.80,65.51,65.61,5059770,0
20150414,65.52,65.94,64.88,65.53,5621787,0
20150415,65.60,65.91,65.30,65.68,5347147,0
20150416,65.53,66.01,65.35,65.65,4121327,0
20150417,65.10,65.50,64.35,64.52,11212862,0
20150420,65.00,65.21,64.58,64.72,5948900,0
20150421,65.03,65.83,64.99,65.35,9619744,0
20150422,65.82,69.98,65.79,68.01,20912410,0
20150423,68.20,68.22,67.52,67.72,7193418,0
20150424,68.13,68.18,67.31,67.48,6219940,0
20150427,68.39,68.61,66.93,67.10,7122407,0
20150428,67.31,67.50,66.41,66.77,6297484,0
20150429,66.86,68.46,66.78,67.34,9812432,0
20150430,67.18,67.50,65.42,66.05,11780629,0
20150501,65.22,66.66,65.15,65.77,10142798,0
20150504,66.05,66.14,65.47,65.58,7426362,0
20150505,65.77,66.39,65.60,65.96,8099808,0
20150506,66.15,66.65,65.23,65.67,7084552,0
20150507,65.58,66.78,65.54,66.58,6660325,0
20150508,67.14,70.16,67.01,69.47,18359045,0
20150511,69.30,69.70,68.79,69.02,10998489,0
20150512,68.55,69.00,67.97,68.69,7438183,0
20150513,68.75,68.88,68.19,68.65,5130304,0
20150514,68.96,70.03,68.85,70.00,6491067,0
20150515,70.10,70.69,69.31,69.57,6540396,0
20150518,69.74,70.24,69.13,70.00,5554915,0
20150519,70.14,70.56,70.00,70.16,4351021,0
20150520,70.25,70.32,69.48,69.78,4870062,0
20150521,69.55,69.87,69.28,69.37,6483841,0
20150522,69.30,69.85,69.30,69.62,4511698,0
20150526,69.31,69.50,68.31,68.54,6228123,0
20150527,68.85,69.74,68.50,69.49,7064824,0
20150528,69.48,69.78,68.80,69.56,3894955,0
20150529,69.33,69.60,68.52,68.68,6678126,0
20150601,69.13,69.45,68.43,69.11,6309379,0
20150602,68.73,69.46,68.01,69.04,4458019,0
20150603,69.26,69.50,68.89,68.95,4906437,0
20150604,68.63,69.14,68.03,68.21,6460018,0
20150605,68.29,68.70,68.00,68.37,4413051,0
20150608,68.19,68.29,67.62,67.68,4864250,0
20150609,67.67,68.09,67.53,67.95,4439728,0
20150610,68.22,69.67,68.11,69.63,6807778,0
20150611,69.70,70.02,69.42,69.64,5238730,0
20150612,69.43,69.74,69.02,69.33,4900741,0
20150615,68.72,68.99,68.17,68.57,5995111,0
20150616,68.45,69.17,68.29,69.01,5937366,0
20150617,69.11,69.41,68.51,68.75,7818293,0
20150618,68.90,69.84,68.88,69.50,7596781,0
20150619,69.27,69.33,68.48,68.69,8728814,0
20150622,69.32,69.44,68.90,69.09,5511724,0
20150623,69.10,69.59,69.09,69.42,3888705,0
20150624,69.11,69.40,68.76,68.86,4670595,0
20150625,69.38,69.38,68.51,68.62,4705090,0
20150626,68.70,69.21,68.41,68.75,7025589,0
20150629,67.99,68.49,66.69,66.72,9706735,0
20150630,67.34,67.48,66.76,67.15,6811014,0
20150701,67.94,68.30,67.53,67.85,6260775,0
20150702,68.15,68.32,67.62,68.24,5053044,0
20150706,67.55,68.12,67.36,68.12,5270623,0
20150707,68.11,68.20,66.53,67.77,6500716,0
20150708,67.01,67.32,66.65,66.73,5973457,0
20150709,67.65,67.94,67.02,67.05,4837767,0
20150710,67.98,68.54,67.91,68.42,5110161,0
20150713,69.05,69.60,68.83,69.52,6832321,0
20150714,69.97,70.30,69.47,70.10,5635409,0
20150715,70.13,70.28,69.69,70.02,4506241,0
20150716,70.43,70.59,69.97,70.57,6512488,0
20150717,70.40,70.96,70.28,70.88,6287563,0
20150720,71.29,73.00,71.23,72.70,10198462,0
20150721,72.84,72.88,71.76,72.02,10919600,0
20150722,71.94,72.15,71.62,71.97,6303165,0
20150723,72.20,72.25,71.20,71.75,10755749,0
20150724,76.78,76.92,74.40,74.80,21196114,0
20150727,74.28,74.71,73.58,73.86,10293792,0
20150728,74.30,75.18,73.85,74.74,10054266,0
20150729,74.95,76.43,74.67,76.01,13746934,0
20150730,75.89,76.76,75.24,76.38,6506995,0
20150731,76.45,76.51,75.32,75.34,8526346,0
20150803,75.59,76.04,75.01,75.77,5810801,0
20150804,75.53,76.08,75.03,75.27,6957856,0
20150805,76.05,76.17,74.92,74.98,6976371,0
20150806,75.30,75.42,73.55,73.58,7767766,0
20150807,73.68,74.31,73.32,74.21,6484583,0
20150810,74.89,75.18,73.85,74.38,6183517,0
20150811,73.81,74.27,73.22,73.36,6475970,0
20150812,72.87,73.83,72.39,73.54,7656064,0
20150813,73.43,74.43,73.38,73.93,5992012,0
20150814,73.85,74.40,73.45,74.22,3861503,0
20150817,74.00,74.44,73.50,74.41,3473502,0
20150818,74.26,74.73,74.01,74.47,6325531,0
20150819,74.20,74.96,73.67,74.40,5886855,0
20150820,73.56,74.53,72.81,73.95,12082313,0
20150821,72.50,73.62,70.96,71.19,15752243,0
20150824,64.16,71.06,60.00,68.36,20950616,0
20150825,71.69,71.80,66.60,66.97,14485048,0
20150826,69.37,70.99,67.90,70.69,12219954,0
20150827,71.94,72.49,70.80,72.40,9122241,0
20150828,72.10,72.67,71.60,72.46,6411408,0
20150831,71.91,72.08,70.82,71.30,8313310,0
20150901,69.41,70.39,68.50,68.96,11491455,0
20150902,69.94,69.95,68.70,69.62,9217978,0
20150903,70.45,71.08,69.99,70.40,9035174,0
20150904,69.29,69.91,68.64,69.16,9469404,0
20150908,70.75,71.01,69.55,70.53,7984865,0
20150909,70.75,71.38,69.43,69.60,9022190,0
20150910,69.50,70.65,69.46,70.23,7244174,0
20150911,69.86,70.81,69.46,70.76,6452146,0
20150914,70.72,70.80,69.61,70.01,7059339,0
20150915,70.48,70.75,69.51,70.51,6962608,0
20150916,70.45,71.11,70.05,70.99,8207593,0
20150917,71.30,72.32,70.50,70.96,7663296,0
20150918,69.82,70.81,69.71,69.79,14508062,0
20150921,70.62,71.32,70.22,70.78,12756516,0
20150922,70.00,70.39,69.31,70.25,11394027,0
20150923,70.16,71.14,69.90,70.95,10655796,0
20150924,70.35,70.63,69.64,70.24,8406708,0
20150925,71.19,71.46,70.21,70.69,7756572,0
20150928,70.19,70.28,67.03,67.20,15261204,0
20150929,67.52,68.70,67.20,68.53,11326665,0
20150930,69.32,69.66,68.26,69.66,9309180,0
20151001,70.09,70.77,68.98,69.99,8679888,0
20151002,68.80,70.73,68.36,70.67,7460435,0
20151005,71.06,72.34,70.92,72.23,7286755,0
20151006,72.22,72.54,71.83,72.08,5782470,0
20151007,72.68,73.23,72.45,73.22,6273559,0
20151008,73.00,73.93,72.83,73.90,5713137,0
20151009,74.04,74.09,73.40,73.98,5947767,0
20151012,73.74,75.43,73.67,74.99,5586253,0
20151013,74.46,75.25,74.15,75.00,7439403,0
20151014,74.84,75.26,73.72,74.20,7568289,0
20151015,74.96,75.41,74.58,75.34,6856217,0
20151016,75.33,76.54,74.79,76.00,9117387,0
20151019,75.93,77.32,75.93,76.99,9952627,0
20151020,76.64,76.89,75.93,76.28,8148823,0
20151021,76.94,76.94,75.31,75.46,7323764,0
20151022,75.89,76.85,75.64,76.42,9093433,0
20151023,77.46,77.63,74.95,77.07,11971306,0
20151026,78.08,78.31,77.09,78.18,8019362,0
20151027,78.03,78.18,77.06,77.52,9527422,0
20151028,77.82,78.89,77.44,78.87,10850221,0
20151029,78.59,78.71,77.93,78.51,7648608,0
20151030,78.72,78.81,77.56,77.58,11186481,0
20151102,75.19,76.21,74.53,75.22,29965980,0
20151103,75.13,78.58,74.81,77.90,18899902,0
20151104,78.37,78.83,77.90,78.35,8640849,0
20151105,78.42,79.71,78.42,79.26,9392585,0
20151106,79.57,79.57,78.32,78.75,8221596,0
20151109,78.40,78.40,77.29,78.04,10157285,0
20151110,77.65,79.53,77.61,79.48,8440283,0
20151111,79.85,80.25,79.17,79.18,8024387,0
20151112,78.86,79.15,78.14,78.31,8939839,0
20151113,78.02,78.97,77.77,78.11,9913239,0
20151116,77.79,78.91,77.58,78.90,7804955,0
20151117,78.94,79.28,78.47,78.83,6942598,0
20151118,78.96,80.50,78.74,80.46,7212397,0
20151119,80.60,81.01,79.85,80.15,6082166,0
20151120,80.59,81.00,79.98,80.19,6764313,0
20151123,80.59,80.78,79.56,80.11,5910579,0
20151124,79.23,80.20,79.21,79.79,6040756,0
20151125,79.78,80.09,79.56,79.56,4268669,0
20151127,79.64,80.15,79.61,79.84,3139602,0
20151130,80.06,80.13,78.96,79.01,8874643,0
20151201,79.53,79.93,78.76,79.91,6702065,0
20151202,79.83,80.15,78.97,79.04,7309979,0
20151203,79.36,79.77,78.08,78.29,8689600,0
20151204,78.58,80.40,78.45,80.40,9944571,0
20151207,80.13,80.49,79.07,79.55,15262382,0
20151208,78.98,79.67,78.36,79.07,11343973,0
20151209,78.83,79.75,77.40,77.88,15361478,0
20151210,77.91,79.11,77.63,78.12,8717058,0
20151211,77.14,77.14,75.52,76.11,15625801,0
20151214,76.20,77.33,75.58,76.87,10360978,0
20151215,78.37,79.45,78.21,78.62,11355315,0
20151216,79.45,79.98,78.15,79.86,10497510,0
20151217,79.98,80.28,78.63,78.69,7555339,0
20151218,78.04,78.19,76.28,76.32,16271171,0
20151221,76.90,77.36,76.40,77.17,8442145,0
20151222,77.43,77.49,76.66,77.38,5699106,0
20151223,78.08,78.66,77.56,78.56,6335907,0
20151224,78.35,78.71,78.18,78.26,2188783,0
20151228,78.04,78.65,77.82,78.53,3680933,0
20151229,79.00,79.39,78.90,79.21,4627142,0
20151230,79.07,79.19,78.25,78.35,4230445,0
20151231,78.24,78.80,77.55,77.55,6538335,0
20160104,76.06,76.38,75.01,75.70,13476760,0
20160105,76.25,76.51,75.54,76.27,8972650,0
20160106,75.00,75.85,74.85,75.27,16092022,0
20160107,73.76,75.09,73.35,73.79,12470822,0
20160108,74.06,74.51,72.75,72.88,9977557,0
20160111,73.11,74.08,72.66,73.92,13069486,0
20160112,74.52,75.00,74.02,74.76,10236921,0
20160113,75.27,75.39,72.99,73.10,12659586,0
20160114,73.15,74.52,72.66,73.80,10426162,0
20160115,71.94,72.95,70.66,71.83,18470454,0
20160119,72.94,73.02,70.66,71.39,16009579,0
20160120,69.96,71.41,69.04,70.68,16586004,0
20160121,70.72,72.33,70.10,71.56,11931171,0
20160122,72.67,73.18,72.13,72.70,8652558,0
20160125,72.76,72.91,71.58,71.74,9126184,0
20160126,72.18,72.27,71.55,71.88,7500186,0
20160127,71.98,72.48,70.58,70.91,9020505,0
20160128,71.42,71.85,69.33,69.33,15295612,0
20160129,70.43,74.50,68.76,74.49,40427768,0
20160201,74.08,74.78,73.25,74.38,12623493,0
20160202,73.50,74.21,73.13,73.40,9572667,0
20160203,73.76,74.63,72.43,74.38,9941917,0
20160204,74.10,74.63,72.75,73.68,14735704,0
20160205,73.56,73.61,70.55,71.54,12939383,0
20160208,69.95,70.04,66.30,67.77,30542608,0
20160209,66.39,69.48,66.12,68.33,14882767,0
20160210,69.14,71.03,69.07,70.15,11369543,0
20160211,67.79,69.07,67.43,68.47,13962057,0
20160212,69.44,70.47,69.12,70.42,8710244,0
20160216,71.41,71.75,70.39,71.10,8780670,0
20160217,71.73,72.12,71.30,72.03,8494095,0
20160218,71.89,72.25,71.02,71.24,6938144,0
20160219,71.03,71.72,70.30,71.53,7750898,0
20160222,72.30,73.19,72.10,73.06,7481531,0
20160223,72.95,73.12,71.99,72.15,6177031,0
20160224,71.25,72.19,70.38,71.85,7728583,0
20160225,71.96,73.34,71.93,73.27,6840918,0
20160226,73.74,73.91,72.69,72.73,6713425,0
